230 230
165 206
206 118
118 36
36 200
200 79
79 18
18 88
88 126
126 186
186 210
210 47
47 27
27 167
167 95
95 48
48 225
225 83
83 50
50 102
102 191
191 74
74 130
130 229
229 26
26 151
151 29
29 134
134 78
78 30
30 136
136 35
35 92
92 32
32 2
2 109
109 104
104 230
230 17
17 169
169 187
187 212
212 82
82 149
149 195
195 226
226 196
196 13
13 209
209 115
115 31
31 53
53 1
1 125
125 177
177 34
34 76
76 59
59 217
217 162
162 221
221 100
100 184
184 159
159 160
160 123
123 131
131 152
152 23
23 108
108 202
202 141
141 103
103 143
143 80
80 119
119 60
60 175
175 188
188 9
9 41
41 43
43 173
173 144
144 223
223 28
28 197
197 90
90 192
192 105
105 10
10 101
101 8
8 176
176 170
170 85
85 166
166 93
93 127
127 198
198 111
111 140
140 145
145 208
208 213
213 84
84 5
5 7
7 39
39 205
205 185
185 189
189 122
122 121
121 147
147 146
146 161
161 137
137 87
87 70
70 216
216 215
215 180
180 132
132 227
227 129
129 142
142 55
55 3
3 91
91 68
68 220
220 153
153 133
133 52
52 66
66 56
56 155
155 11
11 164
164 19
19 69
69 24
24 174
174 157
157 181
181 182
182 150
150 124
124 81
81 107
107 204
204 71
71 6
6 51
51 42
42 138
138 158
158 194
194 64
64 45
45 163
163 114
114 99
99 110
110 171
171 139
139 15
15 201
201 106
106 156
156 89
89 22
22 33
33 75
75 214
214 116
116 21
21 178
178 211
211 16
16 49
49 98
98 37
37 97
97 4
4 154
154 172
172 120
120 77
77 128
128 190
190 148
148 46
46 73
73 86
86 96
96 117
117 179
179 65
65 113
113 224
224 20
20 112
112 54
54 218
218 58
58 61
61 38
38 57
57 228
228 199
199 203
203 94
94 12
12 222
222 183
183 193
193 40
40 207
207 72
72 44
44 219
219 63
63 168
168 67
67 14
14 25
25 62
62 135
135 165
250
53 6
184 19
24 184
31 23
155 10
156 82
18 227
32 228
89 180
192 174
73 248
17 205
189 64
10 89
81 34
178 56
12 84
107 139
98 78
80 129
1 73
171 79
177 40
29 68
202 91
217 142
187 8
144 211
193 94
147 183
11 240
54 13
139 163
152 213
176 58
106 32
128 158
93 21
192 155
119 44
57 228
146 128
146 113
14 182
249 144
205 50
202 3
187 221
23 126
21 149
207 240
123 170
28 207
62 131
169 193
172 45
184 19
239 229
211 141
30 52
49 121
108 35
104 248
220 92
33 245
147 193
60 165
223 162
78 171
96 153
211 140
89 121
225 40
228 177
47 21
114 207
9 221
123 192
114 192
229 184
225 161
151 182
116 80
41 243
171 41
4 23
196 172
242 147
191 203
120 174
3 218
144 190
79 147
120 28
180 153
3 183
110 79
159 12
15 177
122 192
16 138
211 133
220 81
198 62
31 167
120 48
246 227
21 137
50 135
242 92
6 60
118 204
165 54
40 8
224 4
100 180
152 205
149 243
210 194
51 106
122 156
114 154
178 121
36 146
35 33
243 52
85 74
196 122
58 177
32 2
120 180
18 57
118 224
52 209
61 211
222 13
55 209
192 237
144 23
33 164
211 191
70 213
67 247
68 89
131 214
243 32
119 232
250 125
199 168
27 99
114 169
147 19
215 250
10 140
168 62
106 197
196 231
77 1
149 247
58 232
1 39
213 181
213 33
21 15
44 23
132 106
112 15
34 37
190 139
138 110
190 76
207 223
75 145
244 13
136 14
249 39
120 85
140 144
24 13
12 131
173 225
232 2
200 98
248 51
154 6
48 21
28 126
185 145
35 230
85 114
79 189
170 172
50 144
56 223
29 81
47 249
128 98
47 198
150 220
228 110
197 245
92 33
145 151
87 92
142 134
207 237
50 107
54 4
79 40
99 124
68 96
5 14
159 115
140 143
21 215
30 189
5 191
17 188
210 120
19 182
16 34
210 59
62 72
243 203
174 22
180 49
104 191
167 116
29 24
112 225