1000 1000
478 748
748 606
606 893
893 300
300 202
202 591
591 74
74 881
881 346
346 210
210 310
310 46
46 109
109 89
89 409
409 496
496 640
640 361
361 718
718 240
240 173
173 869
869 351
351 892
892 232
232 64
64 779
779 761
761 32
32 924
924 449
449 661
661 344
344 451
451 546
546 956
956 286
286 911
911 311
311 430
430 870
870 65
65 886
886 2
2 592
592 368
368 320
320 754
754 643
643 38
38 358
358 67
67 473
473 39
39 642
642 248
248 871
871 319
319 45
45 910
910 474
474 988
988 505
505 94
94 698
698 983
983 763
763 236
236 811
811 623
623 315
315 164
164 909
909 163
163 266
266 759
759 899
899 536
536 602
602 687
687 33
33 930
930 135
135 206
206 785
785 479
479 745
745 655
655 227
227 789
789 187
187 288
288 420
420 854
854 765
765 772
772 562
562 810
810 782
782 500
500 228
228 838
838 664
664 771
771 572
572 156
156 342
342 465
465 188
188 950
950 618
618 737
737 454
454 620
620 402
402 394
394 159
159 66
66 151
151 925
925 113
113 501
501 599
599 223
223 92
92 95
95 360
360 840
840 528
528 555
555 787
787 199
199 128
128 437
437 12
12 254
254 535
535 305
305 403
403 903
903 677
677 384
384 447
447 696
696 514
514 381
381 225
225 339
339 200
200 671
671 83
83 545
545 607
607 198
198 799
799 438
438 873
873 414
414 40
40 235
235 986
986 10
10 102
102 967
967 583
583 842
842 383
383 513
513 596
596 619
619 191
191 676
676 201
201 318
318 598
598 355
355 262
262 604
604 717
717 308
308 453
453 688
688 989
989 960
960 547
547 192
192 331
331 464
464 24
24 175
175 920
920 733
733 996
996 362
362 184
184 110
110 205
205 357
357 699
699 719
719 565
565 585
585 670
670 959
959 595
595 645
645 949
949 8
8 161
161 575
575 101
101 662
662 624
624 908
908 340
340 603
603 554
554 860
860 334
334 797
797 856
856 120
120 329
329 822
822 172
172 256
256 835
835 226
226 77
77 680
680 777
777 218
218 700
700 762
762 537
537 578
578 773
773 373
373 683
683 323
323 564
564 651
651 767
767 385
385 741
741 229
229 137
137 457
457 499
499 995
995 326
326 463
463 523
523 923
923 476
476 238
238 244
244 81
81 703
703 386
386 756
756 750
750 263
263 485
485 246
246 257
257 743
743 375
375 524
524 316
316 508
508 522
522 281
281 889
889 481
481 781
781 86
86 981
981 168
168 644
644 21
21 469
469 293
293 895
895 819
819 480
480 843
843 800
800 516
516 848
848 722
722 436
436 927
927 784
784 425
425 658
658 894
894 61
61 397
397 428
428 859
859 783
783 196
196 69
69 809
809 221
221 147
147 56
56 70
70 990
990 37
37 533
533 813
813 828
828 846
846 180
180 597
597 626
626 517
517 669
669 896
896 243
243 372
372 816
816 271
271 427
427 803
803 557
557 190
190 551
551 130
130 709
709 48
48 855
855 543
543 760
760 945
945 471
471 576
576 529
529 570
570 941
941 22
22 1
1 136
136 833
833 63
63 621
621 131
131 701
701 7
7 208
208 51
51 515
515 798
798 832
832 410
410 439
439 631
631 377
377 711
711 215
215 379
379 461
461 749
749 144
144 931
931 489
489 415
415 233
233 17
17 294
294 998
998 806
806 421
421 979
979 350
350 91
91 573
573 292
292 298
298 567
567 922
922 746
746 728
728 740
740 224
224 325
325 885
885 574
574 874
874 59
59 317
317 25
25 217
217 14
14 888
888 171
171 140
140 165
165 532
532 987
987 692
692 587
587 948
948 148
148 250
250 808
808 721
721 442
442 488
488 617
617 850
850 926
926 928
928 354
354 459
459 68
68 155
155 672
672 962
962 712
712 87
87 359
359 852
852 932
932 149
149 957
957 584
584 831
831 844
844 704
704 710
710 973
973 123
123 460
460 285
285 812
812 997
997 195
195 6
6 974
974 716
716 933
933 440
440 443
443 795
795 980
980 678
678 268
268 185
185 825
825 729
729 396
396 609
609 345
345 313
313 259
259 934
934 274
274 412
412 477
477 433
433 336
336 720
720 727
727 435
435 768
768 296
296 769
769 707
707 434
434 663
663 174
174 849
849 667
667 502
502 647
647 448
448 16
16 143
143 276
276 868
868 558
558 541
541 757
757 674
674 404
404 251
251 255
255 780
780 400
400 608
608 398
398 219
219 426
426 275
275 111
111 423
423 282
282 363
363 157
157 612
612 890
890 332
332 656
656 241
241 559
559 969
969 189
189 635
635 577
577 961
961 660
660 47
47 176
176 258
258 829
829 675
675 878
878 654
654 580
580 879
879 938
938 561
561 632
632 441
441 134
134 112
112 681
681 978
978 518
518 30
30 792
792 231
231 80
80 169
169 472
472 534
534 921
921 283
283 181
181 714
714 976
976 706
706 18
18 152
152 905
905 936
936 117
117 347
347 265
265 212
212 904
904 327
327 269
269 270
270 138
138 823
823 538
538 633
633 82
82 230
230 392
392 793
793 826
826 100
100 41
41 544
544 380
380 405
405 594
594 378
378 125
125 563
563 407
407 36
36 953
953 104
104 141
141 239
239 309
309 752
752 34
34 739
739 679
679 836
836 85
85 391
391 917
917 341
341 751
751 264
264 939
939 747
747 511
511 521
521 581
581 337
337 540
540 207
207 977
977 335
335 417
417 247
247 312
312 88
88 875
875 884
884 834
834 278
278 694
694 614
614 915
915 530
530 272
272 877
877 520
520 419
419 213
213 279
279 571
571 964
964 730
730 49
49 482
482 28
28 167
167 467
467 764
764 504
504 371
371 245
245 52
52 951
951 393
393 550
550 898
898 913
913 952
952 466
466 982
982 170
170 775
775 807
807 526
526 493
493 691
691 446
446 429
429 57
57 492
492 27
27 445
445 568
568 985
985 390
390 634
634 253
253 665
665 865
865 43
43 627
627 613
613 724
724 376
376 954
954 486
486 193
193 766
766 569
569 23
23 725
725 778
778 369
369 406
406 242
242 610
610 314
314 222
222 853
853 695
695 129
129 693
693 820
820 99
99 72
72 234
234 735
735 497
497 452
452 736
736 958
958 862
862 946
946 653
653 352
352 455
455 31
31 650
650 668
668 943
943 804
804 919
919 525
525 542
542 370
370 648
648 586
586 348
348 154
154 560
560 54
54 503
503 162
162 53
53 62
62 73
73 382
382 993
993 399
399 715
715 122
122 353
353 277
277 416
416 356
356 142
142 186
186 284
284 992
992 942
942 686
686 150
150 872
872 458
458 124
124 605
605 387
387 145
145 984
984 119
119 732
732 639
639 216
216 364
364 349
349 935
935 566
566 929
929 307
307 75
75 96
96 509
509 321
321 963
963 858
858 5
5 475
475 287
287 343
343 970
970 814
814 726
726 975
975 796
796 413
413 641
641 60
60 744
744 912
912 114
114 424
424 628
628 742
742 851
851 19
19 209
209 937
937 713
713 214
214 527
527 260
260 35
35 673
673 470
470 179
179 940
940 395
395 160
160 365
365 601
601 864
864 652
652 105
105 273
273 495
495 483
483 303
303 861
861 786
786 866
866 593
593 589
589 994
994 20
20 625
625 29
29 902
902 374
374 972
972 821
821 867
867 971
971 290
290 78
78 815
815 801
801 738
738 322
322 252
252 882
882 15
15 450
450 26
26 166
166 638
638 121
121 553
553 531
531 615
615 916
916 302
302 887
887 991
991 418
418 914
914 462
462 690
690 158
158 487
487 468
468 55
55 4
4 106
106 702
702 338
338 79
79 968
968 630
630 103
103 731
731 444
444 900
900 324
324 389
389 556
556 791
791 659
659 367
367 42
42 366
366 965
965 611
611 770
770 58
58 127
127 552
552 646
646 512
512 616
616 755
755 115
115 805
805 818
818 708
708 194
194 267
267 401
401 291
291 788
788 13
13 548
548 697
697 11
11 666
666 685
685 830
830 97
97 857
857 431
431 876
876 734
734 297
297 682
682 863
863 582
582 510
510 944
944 906
906 845
845 422
422 901
901 203
203 9
9 999
999 794
794 776
776 177
177 93
93 432
432 629
629 490
490 758
758 600
600 408
408 108
108 237
237 723
723 132
132 847
847 249
249 774
774 139
139 649
649 146
146 118
118 657
657 705
705 636
636 897
897 90
90 133
133 817
817 507
507 549
549 306
306 388
388 299
299 622
622 304
304 197
197 824
824 880
880 301
301 588
588 295
295 689
689 494
494 50
50 918
918 519
519 947
947 498
498 955
955 411
411 98
98 966
966 637
637 153
153 204
204 883
883 182
182 590
590 220
220 116
116 684
684 907
907 328
328 183
183 790
790 837
837 107
107 330
330 178
178 484
484 289
289 3
3 1000
1000 280
280 71
71 333
333 539
539 753
753 456
456 827
827 261
261 802
802 839
839 579
579 841
841 76
76 84
84 211
211 126
126 891
891 44
44 491
491 506
506 478
250
85 131
169 51
185 144
71 6
46 175
63 133
116 223
95 149
14 148
49 175
161 75
162 204
234 209
162 59
59 41
192 62
168 128
218 65
170 113
80 38
12 79
213 101
189 113
22 124
196 107
135 187
208 2
152 74
222 58
40 159
69 92
224 99
20 121
237 194
196 10
81 57
228 26
67 134
6 43
201 221
79 117
124 154
104 242
150 20
103 246
68 14
238 166
220 66
196 177
34 153
147 38
107 71
29 61
55 12
62 83
90 39
206 171
237 186
55 221
215 99
128 239
15 127
9 112
72 141
67 84
7 73
77 17
117 32
88 166
120 17
234 209
226 24
13 28
10 204
222 241
160 191
175 146
239 1
204 37
171 157
240 87
169 226
92 130
104 186
250 211
99 233
6 123
32 247
3 38
45 167
249 178
56 241
3 163
35 109
63 131
88 81
102 125
197 70
246 83
16 235
80 101
230 157
134 175
16 110
156 222
125 123
2 191
48 199
233 211
202 34
171 21
248 205
4 75
123 153
65 64
234 211
231 163
145 127
136 26
158 72
85 156
179 224
167 62
100 47
249 103
68 127
150 7
173 47
91 68
242 17
14 183
150 84
82 121
120 224
7 204
119 140
189 11
8 81
201 11
144 72
25 132
30 7
162 234
26 143
9 147
82 128
211 244
139 68
190 109
125 202
61 45
87 10
12 115
150 238
66 235
225 210
40 41
2 133
148 120
193 200
32 205
218 15
234 49
116 247
156 108
155 8
160 236
74 173
236 127
44 29
48 13
202 118
141 98
196 30
5 13
222 27
77 225
88 244
104 29
227 212
133 68
250 49
129 43
96 225
55 211
210 139
161 48
157 25
234 171
183 219
213 200
62 59
205 214
240 208
26 164
135 37
231 244
39 16
180 157
178 34
203 216
203 108
128 165
108 104
62 123
94 124
234 31
150 223
76 52
174 239
154 6
42 50
131 171
46 179
198 141
206 124
225 223
83 218
137 118
239 134
228 75
40 150
83 14
50 195
105 57
14 70
58 238
74 95
141 180
232 196
117 212
171 93
206 167
234 171
26 187
94 103
122 243
250 48
3 8
25 124
248 221
170 201
203 215
240 54
227 78
91 70
26 195
82 8
160 39
239 119
171 236
193 249
45 239
72 192
173 35
45 81
134 62
91 22
38 44
74 111
53 200
134 237
236 164
176 247
61 221
197 220
183 49
239 98
9 130
48 12
84 47
160 170
181 86
232 143
5 219
22 141
163 61
108 47
211 6
68 90
46 49
172 191
76 52
168 159
75 15
91 112
20 169
30 132
160 26
47 31
13 84
198 58
139 160
26 32
132 188
235 197
158 216
221 194
228 36
45 153
94 91
104 3
132 225
20 79
166 217
60 48
59 217
200 179
83 231
230 203
137 101
141 146
242 12
100 109
172 102
27 40
222 173
184 156
228 87
130 160
130 15
40 96
204 156
208 117
105 136
162 1
93 160
10 229
112 166
187 31
75 149
206 170
190 19
104 192
129 199
246 234
35 38
98 220
65 79
58 119
94 11
211 74
110 176
130 94
84 200
128 23
49 195
243 9
138 29
4 71
43 79
3 42
191 179
95 195
208 125
89 86
29 210
198 21
74 121
135 232
90 87
226 77
225 53
214 193
55 156
18 245
36 6
200 211
108 20
193 242
51 132
113 249
99 189
106 196
89 222
114 172
9 133
119 220
95 124
39 218
17 48
216 14
208 222
139 17
154 195
101 185
34 83
93 4
84 154
203 76
112 212
110 107
63 247
241 6
153 200
182 73
176 144
198 184
63 39
151 103
138 198
36 31
189 139
129 54
55 104
82 37
25 38
8 151
193 133
226 249
26 127
191 68
35 63
65 152
148 77
211 123
50 178
51 166
7 123
231 59
244 147
243 215
145 219
93 250
134 116
134 110
112 154
117 15
178 204
6 248
133 38
198 138
159 47
106 149
161 67
155 130
237 60
53 89
84 73
8 65
248 48
135 224
190 206
4 217
78 21
165 180
18 57
202 216
142 11
66 163
63 116
94 200
165 74
3 154
82 232
192 99
93 165
177 229
225 242
173 231
2 137
237 8
79 115
65 149
197 35
58 125
74 226
17 118
9 67
234 98
60 16
8 225
201 59
236 41
192 70
82 164
127 98
68 240
174 183
163 214
209 35
75 206
71 66
2 208
4 39
180 96
137 74
36 92
210 225
171 20
115 51
220 151
30 7
88 86
181 102
140 210
118 154
167 145
214 176
156 213
162 192
201 178
29 119
31 142
113 54
249 245
82 112
85 168
13 137
229 57
190 101
127 58
135 1
225 123
167 219
9 189
245 242
18 224
69 232
149 185
231 135
134 203
93 194
161 20
104 194
181 3
50 44
61 193
52 68
231 237
182 177
198 86
44 112
64 136
212 243
37 128
69 36
249 65
75 9
21 244
42 176
65 82
175 92
67 189
109 95
191 58
164 112
201 45
143 76
202 237
167 116
72 156
149 141
139 53
183 141
226 203
72 71
32 124
236 147
1 76
135 69
245 172
241 125
58 245
125 105
193 142
1 169
178 2
44 127
202 68
172 143
25 22
138 250
67 203
143 178
85 69
24 208
59 137
120 6
29 74
131 149
87 42
119 110
207 214
89 131
32 69
74 47
231 183
103 208
19 156
94 141
22 195
21 134
126 194
8 32
235 17
25 215
241 117
183 138
198 184
135 132
113 214
214 200
78 104
41 29
237 41
81 106
91 194
199 130
62 141
127 153
116 162
169 183
165 75
211 34
104 184
131 173
85 67
118 8
195 67
194 57
228 71
95 55
77 179
196 187
187 237
143 149
133 151
213 76
24 2
21 110
68 63
29 82
138 195
143 214
76 87
154 220
81 185
70 250
204 61
117 188
34 168
12 57
1 195
238 29
23 44
49 210
135 92
50 95
30 193
209 104
211 24
97 89
219 10
40 220
37 10
11 177
33 222
229 174
119 170
155 204
9 67
209 125
154 28
89 46
9 136
150 5
209 243
213 227
24 53
163 51
45 210
173 177
5 67
75 38
161 54
34 192
225 118
201 16
202 57
49 91
112 21
180 139
158 50
109 86
154 174
108 135
172 122
60 123
33 211
171 221
204 166
224 200
158 127
130 180
85 177
33 216
86 15
158 101
117 51
211 210
19 116
38 74
159 50
142 237
96 130
35 126
40 248
59 48
132 250
220 94
226 241
113 85
57 66
2 78
225 123
232 45
86 33
185 213
36 54
145 50
119 218
157 113
235 185
208 203
11 29
16 185
94 77
149 89
60 35
69 181
63 227
217 161
123 166
176 109
220 33
135 26
201 104
44 150
39 25
155 93
9 141
170 217
181 157
103 219
204 105
207 141
141 53
81 123
116 143
234 183
68 228
113 172
194 146
243 141
244 38
104 172
55 13
137 177
70 168
47 92
190 168
68 146
204 173
138 156
13 56
8 55
5 86
17 74
143 56
140 84
69 120
120 155
161 39
63 67
79 82
224 183
134 137
169 50
19 193
29 149
99 11
96 67
227 63
18 63
105 44
13 149
192 31
82 129
246 15
204 170
11 220
158 31
237 228
138 248
176 48
43 38
103 57
215 67
21 183
177 127
137 176
31 57
127 4
189 244
29 245
159 52
127 44
120 81
47 109
86 153
108 221
160 3
201 124
112 194
228 92
36 150
24 52
23 147
41 182
93 127
22 249
207 161
128 103
46 16
227 214
18 38
121 127
244 217
195 8
108 33
94 7
137 169
148 131
243 51
23 33
129 190
104 48
193 178
145 175
190 54
155 188
2 124
72 60
56 43
132 30
12 245
227 2
167 19
237 76
50 43
170 99
31 159
156 203
112 247
188 237
109 209
126 100
38 205
60 121
77 57
21 193
70 16
66 61
244 8
160 241
67 1
79 138
186 183
210 84
135 194
110 248
199 68
67 95
62 134
60 204
234 170
30 133
246 214
171 213
191 88
161 176
228 165
145 51
16 232
135 177
121 222
6 99
189 106
178 14
38 155
100 145
159 59
58 111
151 216
108 128
47 181
183 40
220 240
132 148
196 232
214 178
174 9
125 152
214 5
65 194
196 211
197 183
230 213
186 199
40 70
87 61
79 122
50 78
68 77
202 63
152 241
125 201
224 213
117 90
17 189
34 35
74 225
2 239
199 213
236 203
160 228
29 77
99 196
183 123
150 110
129 244
47 157
58 43
233 98
24 120
223 173
170 127
93 95
67 173
230 123
75 115
162 117
235 209
166 7
136 152
203 13
117 202
245 42
175 35
183 12
181 19
18 124
176 208
164 58
9 106
175 138
60 117
62 164
156 176
86 7
107 129
103 176
141 138
3 40
163 173
54 60
34 121
22 141
53 211
168 216
146 189
189 167
236 136
228 129
142 185
216 83
213 176
51 129
24 240
116 76
233 201
27 124
19 209
221 131
107 237
209 37
208 209
118 53
51 43
172 200
74 99
125 63
91 188
198 24
3 169
182 185
244 127
49 40
131 189