780 780
771 289
289 677
677 445
445 431
431 282
282 415
415 756
756 753
753 779
779 68
68 495
495 171
171 37
37 733
733 702
702 394
394 526
526 185
185 763
763 366
366 7
7 228
228 47
47 744
744 375
375 413
413 505
505 716
716 323
323 603
603 244
244 540
540 407
407 65
65 119
119 257
257 534
534 297
297 602
602 133
133 745
745 73
73 418
418 95
95 556
556 430
430 420
420 312
312 760
760 181
181 210
210 527
527 277
277 765
765 419
419 299
299 449
449 454
454 230
230 169
169 29
29 553
553 524
524 778
778 331
331 131
131 25
25 107
107 150
150 751
751 557
557 63
63 6
6 79
79 471
471 179
179 231
231 263
263 577
577 464
464 633
633 239
239 314
314 278
278 317
317 503
503 15
15 617
617 127
127 352
352 432
432 306
306 330
330 269
269 353
353 572
572 174
174 76
76 255
255 118
118 307
307 428
428 469
469 393
393 629
629 757
757 291
291 193
193 341
341 533
533 31
31 129
129 369
369 192
192 559
559 256
256 610
610 273
273 539
539 337
337 453
453 718
718 391
391 405
405 24
24 626
626 389
389 200
200 188
188 658
658 196
196 18
18 345
345 640
640 511
511 125
125 303
303 755
755 414
414 400
400 342
342 422
422 336
336 457
457 743
743 286
286 234
234 685
685 383
383 408
408 639
639 144
144 276
276 426
426 17
17 489
489 474
474 329
329 659
659 318
318 698
698 461
461 326
326 71
71 705
705 581
581 141
141 178
178 680
680 492
492 160
160 327
327 44
44 108
108 316
316 134
134 466
466 2
2 433
433 569
569 295
295 535
535 575
575 687
687 580
580 324
324 22
22 678
678 442
442 645
645 242
242 205
205 254
254 686
686 606
606 203
203 446
446 247
247 46
46 488
488 438
438 13
13 304
304 48
48 392
392 494
494 117
117 109
109 571
571 563
563 730
730 599
599 77
77 627
627 675
675 546
546 529
529 579
579 146
146 137
137 754
754 364
364 676
676 398
398 252
252 92
92 183
183 720
720 371
371 52
52 386
386 723
723 443
443 582
582 35
35 537
537 448
448 500
500 697
697 41
41 173
173 601
601 58
58 550
550 578
578 538
538 412
412 202
202 766
766 593
593 604
604 564
564 237
237 648
648 475
475 168
168 382
382 361
361 12
12 752
752 165
165 128
128 493
493 156
156 657
657 370
370 713
713 204
204 749
749 616
616 177
177 28
28 123
123 229
229 346
346 191
191 649
649 551
551 184
184 732
732 667
667 731
731 377
377 368
368 452
452 699
699 224
224 598
598 637
637 249
249 460
460 554
554 186
186 647
647 573
573 98
98 709
709 221
221 741
741 54
54 694
694 618
618 693
693 440
440 212
212 287
287 198
198 219
219 692
692 153
153 726
726 547
547 285
285 207
207 681
681 30
30 86
86 360
360 611
611 347
347 26
26 103
103 226
226 707
707 484
484 409
409 724
724 66
66 11
11 80
80 70
70 114
114 506
506 363
363 517
517 714
714 561
561 403
403 395
395 357
357 455
455 651
651 596
596 62
62 684
684 272
272 628
628 570
570 614
614 780
780 296
296 162
162 439
439 630
630 288
288 378
378 421
421 367
367 138
138 121
121 722
722 401
401 397
397 69
69 199
199 411
411 523
523 725
725 435
435 94
94 501
501 147
147 380
380 761
761 521
521 679
679 344
344 365
365 339
339 294
294 270
270 268
268 390
390 671
671 27
27 319
319 222
222 253
253 51
51 320
320 568
568 166
166 67
67 605
605 96
96 4
4 719
719 206
206 10
10 274
274 110
110 335
335 706
706 682
682 359
359 34
34 332
332 130
130 14
14 608
608 773
773 463
463 372
372 64
64 620
620 139
139 298
298 769
769 351
351 159
159 350
350 458
458 105
105 148
148 374
374 652
652 140
140 549
549 504
504 429
429 530
530 668
668 223
223 354
354 777
777 340
340 241
241 670
670 656
656 322
322 727
727 39
39 275
275 180
180 217
217 459
459 467
467 477
477 441
441 424
424 328
328 522
522 644
644 142
142 499
499 558
558 482
482 509
509 3
3 410
410 74
74 768
768 496
496 704
704 208
208 72
72 233
233 447
447 543
543 250
250 315
315 136
136 404
404 542
542 267
267 262
262 545
545 583
583 470
470 90
90 688
688 232
232 591
591 586
586 170
170 465
465 587
587 758
758 508
508 589
589 655
655 590
590 167
167 343
343 541
541 338
338 155
155 290
290 594
594 425
425 218
218 734
734 767
767 615
615 710
710 427
427 308
308 20
20 560
560 436
436 472
472 78
78 476
476 195
195 612
612 245
245 84
84 300
300 479
479 631
631 59
59 486
486 729
729 747
747 622
622 468
468 216
216 636
636 161
161 280
280 122
122 265
265 746
746 619
619 566
566 236
236 251
251 163
163 261
261 695
695 632
632 187
187 711
711 585
585 235
235 243
243 176
176 402
402 701
701 115
115 567
567 510
510 348
348 689
689 456
456 164
164 214
214 674
674 227
227 182
182 126
126 775
775 434
434 514
514 513
513 157
157 666
666 201
201 512
512 240
240 653
653 284
284 613
613 381
381 349
349 60
60 735
735 238
238 396
396 654
654 423
423 712
712 531
531 764
764 592
592 703
703 625
625 271
271 264
264 742
742 313
313 111
111 597
597 376
376 355
355 473
473 750
750 49
49 38
38 519
519 21
21 259
259 739
739 310
310 552
552 100
100 82
82 50
50 1
1 385
385 663
663 683
683 358
358 776
776 643
643 172
172 388
388 246
246 518
518 116
116 660
660 715
715 260
260 672
672 293
293 194
194 93
93 281
281 487
487 736
736 333
333 211
211 721
721 661
661 717
717 112
112 607
607 132
132 87
87 189
189 642
642 248
248 759
759 99
99 480
480 664
664 437
437 772
772 213
213 104
104 373
373 708
708 8
8 97
97 536
536 532
532 690
690 83
83 225
225 762
762 379
379 311
311 309
309 61
61 525
525 728
728 19
19 548
548 669
669 502
502 406
406 384
384 258
258 528
528 154
154 416
416 9
9 565
565 135
135 145
145 302
302 85
85 106
106 151
151 623
623 621
621 152
152 102
102 387
387 158
158 32
32 43
43 576
576 696
696 197
197 497
497 544
544 45
45 574
574 175
175 149
149 113
113 16
16 399
399 266
266 584
584 588
588 516
516 650
650 646
646 738
738 748
748 417
417 321
321 481
481 101
101 362
362 491
491 562
562 88
88 81
81 91
91 462
462 89
89 334
334 520
520 301
301 190
190 42
42 120
120 444
444 143
143 450
450 75
75 555
555 665
665 609
609 55
55 279
279 641
641 737
737 451
451 515
515 638
638 283
283 483
483 600
600 5
5 57
57 36
36 292
292 774
774 23
23 124
124 209
209 305
305 770
770 635
635 56
56 740
740 356
356 662
662 325
325 595
595 700
700 634
634 624
624 220
220 498
498 33
33 478
478 691
691 507
507 673
673 490
490 485
485 40
40 215
215 53
53 771
250
112 100
117 54
193 51
149 202
168 220
100 117
203 117
167 164
119 58
20 92
78 28
199 181
33 238
187 154
46 54
148 49
50 103
179 165
60 233
121 159
115 133
235 234
221 218
22 188
53 116
63 21
27 77
109 11
179 113
185 189
194 160
212 155
19 133
235 110
87 113
95 243
97 205
50 17
128 57
187 65
228 125
239 173
152 185
141 207
139 100
194 41
248 17
65 235
175 20
71 16
80 210
185 119
147 60
205 42
39 120
154 133
28 16
140 130
232 97
15 150
227 146
24 148
149 76
79 223
14 94
214 39
60 96
122 224
102 132
58 178
207 168
222 175
170 89
226 65
105 246
73 248
237 78
75 3
28 113
102 46
220 66
175 223
79 194
157 206
26 126
117 63
242 111
46 23
88 90
5 188
28 138
58 118
34 191
12 151
227 233
121 134
235 172
75 232
172 193
20 105
197 101
190 188
125 144
124 40
201 126
206 149
55 129
27 176
120 211
158 50
203 58
132 140
236 111
115 74
39 24
236 248
86 169
85 147
130 83
199 93
189 146
217 21
172 212
89 38
90 11
54 143
95 202
63 74
171 6
218 52
58 232
186 155
189 196
151 79
116 119
11 8
197 94
177 228
120 104
166 184
63 244
76 57
194 36
55 86
176 71
187 92
111 147
200 10
221 90
18 182
175 138
50 250
11 223
218 65
87 234
206 116
85 67
125 121
171 197
81 1
229 210
193 100
90 110
235 212
9 74
193 158
5 84
147 158
70 25
9 237
55 154
152 28
136 54
234 198
152 213
202 105
110 207
214 133
91 156
144 69
144 67
32 135
137 180
185 212
250 63
249 78
63 194
148 250
240 80
80 44
205 130
171 111
64 87
231 125
202 234
96 190
60 108
230 226
55 200
96 122
79 127
190 185
2 88
217 208
245 14
172 36
11 13
178 67
186 14
157 98
234 93
177 231
207 58
98 5
197 214
70 24
153 203
105 124
76 166
64 101
150 189
213 110
196 74
45 216
236 112
109 86
44 4
82 136
93 117
123 243
222 39
216 144
148 75
196 247
70 145
28 183
161 122
126 134
87 33
150 90
64 152
23 33
36 118
191 140
123 97
89 120
200 132
233 2
46 185
143 231
168 215
206 218
178 185
66 94
73 206
138 205
153 181
159 208
143 198
77 166
7 167
151 116
59 63
129 186
154 49
126 103
66 58
87 116
29 187
180 236
231 64
130 53
144 122
41 30
58 140
93 112
90 185
240 22
110 158
140 88
62 148
129 45
188 136
1 214
83 4
120 142
79 151
145 105
75 41
239 189
108 51
54 85
191 174
239 64
84 100
205 163
61 13
100 102
34 10
224 143
53 113
32 108
137 204
7 151
69 108
139 57
23 77
131 210
169 54
232 34
210 78
72 106
25 86
206 220
9 231
24 187
85 160
114 246
236 210
175 138
51 8
37 76
101 229
65 95
79 25
145 36
75 163
103 76
221 228
35 52
2 127
219 19
149 108
29 49
39 132
138 225
194 160
100 115
155 158
185 173
74 6
66 159
228 154
16 91
61 33
86 126
127 206
51 210
5 163
64 19
91 123
210 228
250 214
40 228
169 175
25 166
52 175
51 53
180 40
186 216
63 211
207 218
213 45
187 87
142 57
150 249
31 139
205 124
86 169
194 131
60 138
38 95
170 156
180 241
31 113
178 86
231 54
109 158
175 248
5 205
197 153
128 2
41 231
98 224
53 204
182 185
147 57
141 60
21 181
206 224
243 4
118 53
143 45
102 235
14 63
230 105
177 31
156 2
117 151
176 102
183 115
69 61
69 191
169 130
247 74
123 14
93 97
142 223
164 129
207 25
180 187
243 76
245 136
199 236
230 174
190 184
33 204
157 39
188 149
31 144
53 125
125 212
173 183
190 80
99 184
66 85
94 14
171 58
201 223
43 125
193 216
205 50
188 167
190 103
221 213
206 201
167 240
107 116
56 247
196 138
172 58
213 243
147 61
124 121
243 73
159 237
21 74
96 38
13 139
53 228
34 52
72 142
17 137
154 156
183 248
148 7
85 137
200 139
13 128
219 230
136 172
116 6
131 108
192 22
242 136
76 118
92 34
171 49
177 103
62 102
119 12
70 240
30 139
111 202
65 91
62 63
182 11
133 95
219 77
128 104
75 236
174 66
233 38
124 163
123 236
84 95
17 88
138 134
214 136
98 108
131 113
202 117
151 166
206 88
81 91
207 166
132 26
20 92
124 104
117 134
98 22
231 107
168 247
86 97
247 51
51 224
64 48
193 249
149 230
76 134
95 179
163 63
18 133
110 138
63 247
210 169
209 52
33 173
135 125
82 39
220 21
24 99
117 110
235 242
131 163
152 116
124 195
46 72
62 156
9 146
106 81
15 77
245 58
233 20
84 80
162 240
230 25
241 207
196 40
193 216
46 199
49 170
121 111
43 103
215 231
93 215
141 33
11 166
153 91
63 103
26 225
154 77
28 91
165 99
5 211
146 180
14 86
33 103
220 135
158 114
188 96
30 62
101 146
199 108
164 197
10 28
34 14
95 188
169 19
85 27
19 155
194 159
132 25
238 51
95 233
100 30
113 175
82 114
125 199
140 214
141 44
100 173
87 92
70 187
223 151
81 18
32 128
85 242
95 157
248 41
232 172
236 210
202 103
106 225
117 46
4 23
53 171
87 200
61 182
200 83
6 156
237 168
201 41
68 128
32 199
41 79
178 82
104 181
42 125
146 222
213 151
145 129
197 70
236 145
141 188
189 136
7 215
213 30
111 244
4 11
215 48
156 229
149 68
178 43
170 73
225 57
137 66
6 216
30 18
20 169
87 148
178 157
169 154
203 139
132 9
176 190
143 130
23 180
26 86
69 100
119 31
188 217
218 63
203 104
103 15
154 117
88 72
96 137
13 143
135 58
241 214
102 241
155 163
113 62
104 244
30 17
132 204
29 11
177 161
120 158
222 184
74 249
109 55
193 23
95 12
100 88
146 14
134 110
160 201
33 173
81 4
209 246
187 185
30 41
125 77
27 109
83 150
124 103
148 170
17 122
128 227
61 229
213 167
226 74
169 26
79 220
43 146
193 167
110 183
229 205
125 107
105 49
224 210
154 231
14 1
27 142
168 97
72 197
174 42
120 103
220 173
72 80
100 174
63 28
58 43
26 60
217 118
12 225
233 150
194 138
240 98
80 239
104 120
185 58
216 85
199 24
8 211
34 248
8 125
82 113
169 167
157 117
154 226
57 120
10 33
20 75
21 164
22 8
90 77
143 32
213 88
40 18
245 164
45 201
85 111
86 34
206 42
163 31
161 224
226 198
183 90
211 180
114 121
217 214
139 124
71 225
48 136
215 98
173 152
127 226
202 194
209 17
83 199
152 220
143 133
68 97
57 58
196 227
11 211
48 167
163 43
176 131
230 39
133 143
83 203
195 95
221 123
207 6
100 84
158 95
55 74
181 32
217 126
39 128
169 71
27 124
61 106
240 63
182 40
242 203