890 890
825 852
852 449
449 530
530 873
873 445
445 854
854 333
333 275
275 622
622 65
65 565
565 571
571 208
208 131
131 458
458 804
804 618
618 197
197 715
715 742
742 70
70 464
464 122
122 704
704 120
120 620
620 1
1 322
322 770
770 95
95 34
34 440
440 346
346 439
439 753
753 824
824 235
235 320
320 535
535 213
213 879
879 514
514 492
492 735
735 666
666 178
178 491
491 335
335 502
502 423
423 224
224 2
2 604
604 121
121 269
269 341
341 672
672 822
822 650
650 623
623 222
222 751
751 384
384 148
148 331
331 157
157 306
306 700
700 100
100 599
599 432
432 552
552 158
158 138
138 22
22 877
877 14
14 498
498 797
797 387
387 842
842 799
799 285
285 629
629 674
674 318
318 26
26 479
479 407
407 775
775 425
425 626
626 11
11 429
429 747
747 87
87 761
761 582
582 61
61 610
610 18
18 749
749 36
36 861
861 774
774 409
409 632
632 863
863 744
744 221
221 260
260 689
689 44
44 505
505 746
746 820
820 303
303 75
75 739
739 391
391 17
17 12
12 130
130 441
441 49
49 711
711 595
595 442
442 857
857 166
166 21
21 453
453 266
266 788
788 695
695 760
760 370
370 413
413 345
345 135
135 420
420 493
493 524
524 56
56 778
778 147
147 845
845 352
352 81
81 588
588 261
261 556
556 644
644 43
43 836
836 503
503 660
660 698
698 813
813 422
422 841
841 777
777 544
544 202
202 779
779 519
519 685
685 177
177 450
450 634
634 628
628 281
281 529
529 243
243 232
232 806
806 815
815 678
678 862
862 161
161 60
60 592
592 249
249 283
283 69
69 369
369 645
645 227
227 483
483 3
3 42
42 741
741 714
714 485
485 66
66 45
45 550
550 35
35 837
837 643
643 296
296 199
199 794
794 748
748 24
24 240
240 490
490 206
206 712
712 635
635 663
663 127
127 234
234 310
310 638
638 522
522 619
619 703
703 641
641 110
110 710
710 795
795 414
414 367
367 193
193 271
271 126
126 692
692 180
180 866
866 6
6 508
508 31
31 828
828 536
536 437
437 814
814 305
305 351
351 520
520 636
636 241
241 448
448 124
124 732
732 247
247 194
194 242
242 212
212 858
858 91
91 542
542 417
417 759
759 253
253 869
869 201
201 443
443 705
705 796
796 833
833 185
185 727
727 686
686 368
368 875
875 709
709 16
16 297
297 475
475 316
316 563
563 594
594 495
495 516
516 513
513 546
546 707
707 277
277 679
679 93
93 251
251 870
870 381
381 171
171 265
265 798
798 273
273 764
764 859
859 263
263 408
408 471
471 292
292 888
888 808
808 92
92 405
405 358
358 807
807 573
573 566
566 256
256 605
605 801
801 149
149 661
661 154
154 736
736 106
106 207
207 57
57 468
468 19
19 237
237 829
829 482
482 865
865 418
418 144
144 649
649 668
668 776
776 487
487 676
676 188
188 564
564 652
652 13
13 811
811 713
713 887
887 431
431 478
478 642
642 780
780 567
567 781
781 143
143 627
627 394
394 200
200 164
164 576
576 531
531 383
383 349
349 499
499 348
348 312
312 170
170 790
790 186
186 874
874 584
584 323
323 80
80 881
881 152
152 696
696 267
267 104
104 377
377 9
9 451
451 577
577 190
190 114
114 223
223 848
848 360
360 785
785 509
509 473
473 800
800 720
720 817
817 280
280 855
855 784
784 540
540 659
659 677
677 447
447 99
99 330
330 421
421 494
494 230
230 282
282 793
793 402
402 390
390 226
226 58
58 236
236 118
118 68
68 54
54 460
460 210
210 510
510 169
169 561
561 274
274 272
272 47
47 264
264 427
427 486
486 97
97 613
613 872
872 827
827 133
133 534
534 545
545 624
624 307
307 647
647 452
452 609
609 603
603 880
880 172
172 196
196 481
481 525
525 284
284 244
244 832
832 343
343 88
88 336
336 834
834 701
701 773
773 96
96 568
568 771
771 401
401 246
246 361
361 688
688 533
533 856
856 528
528 602
602 175
175 669
669 890
890 693
693 55
55 551
551 671
671 163
163 702
702 574
574 465
465 681
681 467
467 687
687 591
591 102
102 301
301 876
876 250
250 298
298 434
434 326
326 461
461 717
717 209
209 231
231 762
762 889
889 229
229 113
113 339
339 29
29 340
340 84
84 41
41 365
365 182
182 694
694 511
511 745
745 758
758 217
217 743
743 682
682 587
587 767
767 844
844 868
868 501
501 631
631 238
238 355
355 740
740 198
198 8
8 334
334 173
173 472
472 724
724 216
216 128
128 699
699 802
802 515
515 527
527 757
757 733
733 39
39 654
654 85
85 803
803 878
878 706
706 382
382 155
155 328
328 257
257 725
725 255
255 537
537 233
233 765
765 108
108 846
846 388
388 831
831 139
139 392
392 137
137 532
532 159
159 410
410 20
20 64
64 83
83 755
755 504
504 337
337 463
463 153
153 708
708 59
59 160
160 395
395 27
27 655
655 245
245 359
359 325
325 23
23 830
830 662
662 792
792 497
497 488
488 496
496 379
379 302
302 288
288 94
94 593
593 768
768 258
258 7
7 327
327 812
812 438
438 371
371 203
203 309
309 71
71 48
48 601
601 489
489 886
886 15
15 192
192 332
332 480
480 364
364 507
507 667
667 754
754 611
611 444
444 73
73 719
719 419
419 684
684 112
112 218
218 286
286 585
585 549
549 791
791 734
734 344
344 146
146 38
38 506
506 191
191 847
847 378
378 612
612 772
772 62
62 849
849 538
538 179
179 350
350 78
78 690
690 428
428 484
484 718
718 51
51 397
397 512
512 228
228 5
5 98
98 871
871 466
466 554
554 680
680 426
426 633
633 560
560 195
195 809
809 406
406 189
189 446
446 396
396 416
416 639
639 145
145 72
72 608
608 140
140 134
134 53
53 225
225 77
77 637
637 517
517 373
373 526
526 311
311 850
850 658
658 183
183 615
615 262
262 670
670 400
400 290
290 607
607 617
617 291
291 415
415 455
455 580
580 562
562 786
786 347
347 362
362 646
646 389
389 726
726 459
459 105
105 579
579 843
843 276
276 398
398 477
477 299
299 204
204 559
559 354
354 151
151 683
683 500
500 783
783 598
598 136
136 142
142 867
867 821
821 165
165 597
597 385
385 248
248 750
750 89
89 756
756 386
386 82
82 630
630 853
853 474
474 74
74 168
168 111
111 33
33 435
435 673
673 839
839 462
462 150
150 187
187 763
763 476
476 731
731 254
254 167
167 374
374 220
220 219
219 860
860 454
454 664
664 162
162 424
424 40
40 728
728 115
115 321
321 252
252 353
353 436
436 319
319 470
470 583
583 589
589 769
769 882
882 342
342 86
86 570
570 107
107 810
810 716
716 675
675 287
287 805
805 363
363 239
239 214
214 404
404 259
259 375
375 50
50 616
616 823
823 366
366 555
555 132
132 181
181 117
117 90
90 600
600 606
606 376
376 548
548 596
596 10
10 838
838 457
457 787
787 523
523 289
289 101
101 278
278 518
518 752
752 737
737 543
543 621
621 640
640 569
569 648
648 614
614 215
215 32
32 521
521 28
28 766
766 357
357 116
116 656
656 313
313 665
665 372
372 819
819 653
653 883
883 294
294 433
433 174
174 575
575 103
103 184
184 469
469 581
581 156
156 176
176 835
835 541
541 308
308 885
885 816
816 729
729 723
723 840
840 730
730 211
211 30
30 557
557 393
393 721
721 119
119 738
738 141
141 123
123 539
539 37
37 651
651 578
578 295
295 782
782 818
818 356
356 884
884 314
314 697
697 109
109 205
205 553
553 329
329 315
315 572
572 826
826 586
586 293
293 125
125 79
79 338
338 46
46 547
547 129
129 270
270 279
279 851
851 722
722 399
399 25
25 411
411 403
403 76
76 558
558 657
657 52
52 268
268 456
456 380
380 691
691 317
317 63
63 430
430 304
304 300
300 4
4 789
789 864
864 625
625 412
412 590
590 67
67 324
324 825
250
233 130
116 195
128 2
242 154
37 115
72 29
238 219
241 232
148 19
118 228
37 228
72 18
175 174
233 245
26 128
234 29
143 36
31 101
174 220
228 130
240 198
28 201
61 93
116 5
64 208
160 67
80 144
30 108
44 47
127 205
62 193
163 199
72 30
118 116
187 38
72 227
27 1
28 155
216 204
142 217
41 174
111 64
226 72
109 141
221 27
204 76
3 27
127 55
167 141
96 238
236 2
91 240
105 14
200 77
54 72
198 71
107 98
16 56
223 87
214 164
117 75
108 212
78 106
230 96
202 74
145 10
173 176
132 204
112 205
65 125
91 206
33 189
142 167
160 22
64 168
72 145
40 145
12 49
112 150
155 170
116 149
150 213
10 239
83 90
58 24
46 65
93 84
139 245
88 212
109 14
203 183
43 159
168 53
53 207
4 165
139 118
45 152
93 113
146 106
159 85
209 115
85 36
79 4
102 228
219 60
137 179
34 234
81 5
101 161
182 25
56 5
237 166
101 174
232 159
145 93
235 123
29 200
149 105
37 133
172 68
238 57
4 196
75 18
228 55
189 134
148 198
50 134
174 130
16 146
133 7
202 103
168 92
70 193
240 76
165 169
9 81
118 15
64 38
87 135
8 190
76 190
152 83
180 146
166 85
173 25
61 96
56 154
145 74
78 230
231 93
111 237
232 164
103 72
249 155
136 80
101 96
34 2
243 83
214 238
71 6
240 166
214 38
224 203
146 241
152 47
176 33
37 232
94 7
92 15
221 3
218 216
90 35
228 150
119 168
234 4
64 209
218 153
2 221
76 56
140 11
176 242
24 207
89 11
127 100
138 215
99 188
105 102
199 194
248 84
245 150
31 206
90 16
47 232
231 11
135 20
80 182
90 141
112 191
159 221
162 163
178 23
132 113
36 116
24 103
1 41
42 154
145 191
88 191
69 59
183 157
36 213
44 24
40 184
133 213
96 26
109 130
205 197
121 234
169 97
122 36
51 217
142 144
134 138
89 216
170 199
17 7
102 139
207 184
57 60
174 212
187 202
29 139
178 43
150 63
13 67
56 123
125 147
5 76
147 63
219 49
55 227
51 239
31 81
46 23
66 7
113 123
181 221
108 87
162 47
127 129
139 248
193 58
187 108
34 93
184 8
29 81
85 157
46 164
243 162
168 195
249 65
10 168
79 141
234 66
184 233
242 112
242 69
142 149
156 40
236 52
40 39
19 35
1 90
67 247
77 185
179 186
206 134
106 184
90 181
114 10
180 97
194 91
177 160
230 245
204 214
93 127
162 25
45 76
8 195
212 103
115 202
148 193
208 189
79 236
240 111
230 199
74 142
145 39
144 65
145 49
144 120
71 12
115 116
172 107
182 85
57 146
244 80
24 63
161 193
203 4
85 200
244 172
237 125
22 136
17 25
71 215
168 249
10 134
14 26
54 70
38 214
220 187
250 46
214 117
75 228
222 112
157 179
222 146
200 179
196 5
170 21
7 83
106 9
71 146
111 165
165 200
60 57
136 19
20 66
194 95
169 177
29 92
133 200
249 1
171 101
92 172
213 217
169 75
182 30
116 223
8 249
115 104
245 1
127 71
148 106
12 89
192 85
120 172
73 51
122 25
151 41
153 103
46 86
27 197
145 102
43 212
71 50
247 59
4 210
245 208
202 103
201 241
12 144
62 35
237 149
71 100
82 205
7 18
78 100
29 166
243 19
188 31
245 236
51 119
193 97
106 64
24 177
249 198
6 20
32 202
178 189
180 81
3 186
229 23
166 63
35 150
38 230
238 146
232 197
73 85
187 167
156 109
200 231
33 118
236 142
17 140
88 28
191 188
165 6
204 29
85 124
197 149
186 38
46 132
165 234
55 216
155 48
72 92
214 164
35 245
211 57
177 100
33 115
221 248
197 39
164 170
201 142
8 181
139 200
194 67
2 59
163 121
11 140
136 96
86 40
30 224
178 146
85 209
41 56
206 90
18 215
14 50
193 52
31 244
157 57
156 54
176 96
53 54
40 61
173 75
165 230
84 85
166 227
28 238
118 248
77 38
40 138
148 105
186 37
155 188
189 141
38 165
62 126
70 131
247 140
63 170
143 89
206 15
122 58
77 119
189 68
107 27
109 119
162 76
235 219
45 1
83 48
20 58
116 49
152 78
158 22
79 164
1 182
239 182
81 4
206 56
236 243
246 89
11 133
225 236
228 1
147 54
249 136
233 62
125 216
178 124
51 223
231 99
15 235
218 11
104 139
157 85
188 112
125 135
9 45
156 82
201 105
67 142
165 179
104 186
55 165
58 192
42 131
181 159
115 210
49 182
94 206
234 192
140 176
8 147
137 230
71 165
133 211
241 184
50 191
158 208
194 11
188 115
207 177
165 146
107 35
227 113
99 26
243 134
100 44
233 98
17 223
25 40
138 123
97 227
31 196
113 135
132 177
168 202
84 163
152 145
65 33
170 92
171 240
95 27
23 127
108 26
46 89
168 48
189 128
80 217
99 202
209 152
175 68
138 24
114 38
101 177
163 226
242 63
143 95
90 159
60 108
55 45
250 245
42 30
170 203
198 98
43 44
237 216
42 135
77 186
114 237
180 57
162 29
191 49
172 181
87 62
102 149
157 143
243 225
6 207
67 80
118 130
3 236
153 112
154 49
61 169
133 21
20 230
162 58
31 126
175 70
16 49
147 184
88 78
95 94
230 183
233 184
222 29
78 235
223 97
98 2
50 16
112 116
185 10
167 121
91 40
241 136
73 7
138 1
138 224
218 247
20 98
53 140
189 187
226 173
242 195
180 135
9 109
235 105
123 213
196 122
145 209
113 86
39 54
86 192
124 243
171 1
230 149
79 181
57 34
208 91
141 138
127 165
31 97
195 149
93 147
79 149
144 104
108 239
86 35
203 157
196 195
179 127
20 147
27 42
144 135
103 47
98 70
116 75
197 222
74 148
115 140
198 191
109 65
214 49
243 34
79 5
46 18
64 167
152 141
189 67
222 141
126 221
48 247
105 3
82 84
232 185
47 56
148 119
133 198
246 158
133 222
123 126
159 169
110 75
79 151
239 41
237 18
74 206
143 25
9 18
13 212
218 36
96 121
27 4
197 113
141 214
81 239
2 174
9 248
114 100
27 107
193 247
214 150
229 226
198 83
218 152
125 64
51 174
7 11
48 70
131 182
45 36
227 10
124 138
114 213
158 156
117 247
74 233
181 93
96 76
24 68
14 202
116 184
5 128
143 97
219 177
146 58
242 244
242 56
151 28
89 246
244 38
96 217
189 223
192 52
90 4
138 41
241 159
122 173
95 105
117 54
35 200
118 162
186 109
229 237
18 197
117 53
242 238
215 26
12 4
54 192
108 2
16 176
169 112
63 167
190 226
178 39
63 152
134 2
244 108
7 174
180 134
5 81
82 148
218 180
201 124
50 6
171 162
127 207
7 241
6 164
234 2
24 84
209 207
233 32
208 89
166 247
239 222
115 134
36 242
171 24
176 232
136 190
181 200
155 21
188 164
120 233
126 189
232 240
129 217
30 118
160 32
133 6
148 219
174 207
78 183
33 203
157 132
24 7
117 99
127 167
244 163
210 227
18 44
174 171
21 102
91 134
58 40
204 61
96 250
162 42
144 221
146 94
182 87
184 172
18 125
43 237
26 233
81 32
115 178
227 223
134 94
86 219
210 213
10 174
64 35
181 89
85 176
166 91
199 235
32 13
225 64
9 84
8 27
140 5
9 142
33 172
11 162
22 129
236 29
157 227
82 105
170 240
238 161
223 188
169 155
120 5
94 201
196 235
151 6
222 62
11 196
181 169
129 39
62 16
166 65
201 235
194 206
202 156
2 113
148 33
25 168
208 100
200 194
112 14
108 76
44 66
195 146
245 127
118 87
202 108
72 189
76 228
119 147
230 35
163 188
67 130
64 157
119 68
63 3
175 217
89 109
12 219
221 158
142 213
216 186
225 174
25 218
120 151
161 223
153 157
187 138
81 42