1000 1000
895 802
802 790
790 665
665 532
532 851
851 8
8 445
445 73
73 517
517 643
643 178
178 701
701 909
909 300
300 214
214 24
24 206
206 297
297 752
752 215
215 691
691 348
348 279
279 462
462 207
207 370
370 14
14 843
843 220
220 604
604 282
282 60
60 666
666 590
590 533
533 636
636 324
324 661
661 983
983 827
827 537
537 898
898 714
714 800
800 668
668 634
634 130
130 292
292 882
882 71
71 5
5 835
835 168
168 50
50 117
117 161
161 45
45 320
320 530
530 20
20 223
223 264
264 55
55 47
47 90
90 420
420 7
7 781
781 456
456 536
536 592
592 891
891 482
482 602
602 761
761 870
870 975
975 304
304 368
368 121
121 340
340 988
988 160
160 904
904 521
521 908
908 854
854 291
291 54
54 191
191 465
465 625
625 495
495 364
364 917
917 104
104 809
809 716
716 285
285 490
490 249
249 736
736 631
631 662
662 986
986 754
754 922
922 910
910 277
277 539
539 85
85 905
905 186
186 708
708 571
571 927
927 77
77 84
84 357
357 91
91 450
450 325
325 388
388 381
381 46
46 29
29 268
268 105
105 889
889 377
377 996
996 955
955 460
460 622
622 148
148 535
535 444
444 16
16 23
23 120
120 562
562 765
765 280
280 627
627 434
434 213
213 717
717 963
963 136
136 940
940 219
219 751
751 293
293 679
679 169
169 678
678 193
193 145
145 502
502 892
892 390
390 256
256 195
195 61
61 392
392 221
221 276
276 332
332 263
263 467
467 260
260 558
558 182
182 52
52 866
866 501
501 951
951 941
941 185
185 629
629 436
436 635
635 529
529 538
538 814
814 313
313 375
375 575
575 612
612 93
93 202
202 494
494 653
653 780
780 301
301 737
737 757
757 483
483 345
345 477
477 700
700 183
183 236
236 527
527 432
432 58
58 609
609 687
687 769
769 319
319 919
919 151
151 569
569 318
318 118
118 242
242 288
288 244
244 455
455 587
587 413
413 813
813 805
805 966
966 674
674 210
210 109
109 493
493 472
472 470
470 943
943 397
397 519
519 103
103 294
294 63
63 676
676 658
658 379
379 360
360 795
795 568
568 338
338 507
507 873
873 172
172 439
439 205
205 322
322 899
899 997
997 75
75 824
824 930
930 684
684 411
411 877
877 431
431 553
553 41
41 488
488 491
491 548
548 541
541 498
498 982
982 461
461 960
960 356
356 112
112 614
614 944
944 821
821 844
844 305
305 819
819 329
329 123
123 503
503 552
552 924
924 722
722 773
773 796
796 847
847 243
243 308
308 832
832 659
659 139
139 748
748 70
70 306
306 404
404 858
858 440
440 265
265 794
794 856
856 155
155 96
96 496
496 685
685 642
642 675
675 403
403 235
235 820
820 383
383 334
334 173
173 912
912 453
453 10
10 287
287 862
862 113
113 386
386 836
836 573
573 543
543 547
547 881
881 316
316 163
163 232
232 152
152 415
415 651
651 804
804 321
321 728
728 937
937 810
810 942
942 42
42 231
231 900
900 417
417 97
97 261
261 391
391 372
372 87
87 938
938 729
729 327
327 469
469 524
524 896
896 21
21 13
13 396
396 27
27 991
991 367
367 893
893 747
747 523
523 196
196 841
841 777
777 230
230 767
767 846
846 79
79 290
290 38
38 225
225 607
607 49
49 387
387 487
487 464
464 384
384 715
715 834
834 167
167 799
799 859
859 894
894 343
343 373
373 683
683 246
246 122
122 664
664 766
766 580
580 641
641 791
791 901
901 734
734 652
652 869
869 914
914 565
565 786
786 762
762 610
610 137
137 985
985 875
875 637
637 480
480 948
948 577
577 758
758 111
111 509
509 771
771 428
428 181
181 229
229 100
100 559
559 254
254 526
526 286
286 474
474 76
76 189
189 451
451 950
950 897
897 916
916 890
890 48
48 946
946 478
478 133
133 423
423 162
162 970
970 154
154 579
579 572
572 784
784 848
848 248
248 712
712 446
446 710
710 108
108 22
22 750
750 531
531 245
245 933
933 874
874 972
972 98
98 907
907 389
389 760
760 351
351 756
756 129
129 74
74 419
419 608
608 66
66 647
647 680
680 998
998 251
251 574
574 514
514 26
26 546
546 394
394 187
187 144
144 994
994 259
259 194
194 595
595 792
792 876
876 9
9 850
850 131
131 550
550 852
852 454
454 311
311 746
746 764
764 707
707 583
583 806
806 497
497 958
958 142
142 721
721 670
670 588
588 284
284 613
613 504
504 150
150 584
584 956
956 863
863 44
44 211
211 962
962 166
166 94
94 593
593 828
828 829
829 164
164 349
349 567
567 270
270 457
457 644
644 655
655 67
67 745
745 143
143 815
815 399
399 929
929 257
257 857
857 605
605 200
200 713
713 689
689 369
369 378
378 776
776 298
298 408
408 624
624 262
262 742
742 114
114 312
312 95
95 471
471 475
475 269
269 594
594 56
56 88
88 903
903 787
787 578
578 188
188 638
638 887
887 241
241 726
726 669
669 400
400 576
576 158
158 418
418 330
330 906
906 198
198 102
102 239
239 335
335 995
995 825
825 299
299 732
732 247
247 650
650 632
632 959
959 564
564 730
730 868
868 412
412 735
735 430
430 266
266 25
25 808
808 939
939 840
840 12
12 233
233 350
350 353
353 600
600 380
380 704
704 833
833 682
682 823
823 694
694 789
789 935
935 240
240 871
871 560
560 15
15 33
33 741
741 992
992 59
59 192
192 672
672 226
226 753
753 354
354 516
516 78
78 426
426 1
1 184
184 255
255 878
878 190
190 699
699 932
932 660
660 973
973 505
505 510
510 374
374 596
596 549
549 433
433 447
447 208
208 926
926 618
618 520
520 626
626 274
274 481
481 18
18 513
513 999
999 965
965 925
925 435
435 645
645 224
224 82
82 410
410 563
563 770
770 81
81 405
405 176
176 174
174 849
849 382
382 616
616 401
401 969
969 159
159 601
601 275
275 648
648 406
406 283
283 981
981 591
591 156
156 725
725 57
57 923
923 358
358 53
53 597
597 515
515 363
363 886
886 253
253 772
772 566
566 473
473 110
110 677
677 355
355 719
719 768
768 227
227 201
201 738
738 212
212 611
611 812
812 706
706 778
778 801
801 326
326 339
339 107
107 442
442 165
165 393
393 518
518 990
990 438
438 479
479 485
485 763
763 337
337 30
30 826
826 628
628 508
508 698
698 68
68 649
649 252
252 667
667 782
782 35
35 598
598 686
686 949
949 486
486 954
954 309
309 489
489 425
425 51
51 72
72 744
744 463
463 693
693 663
663 921
921 314
314 146
146 272
272 839
839 106
106 774
774 466
466 534
534 554
554 702
702 967
967 409
409 135
135 449
449 1000
1000 371
371 749
749 803
803 727
727 723
723 362
362 993
993 673
673 492
492 414
414 902
902 476
476 512
512 845
845 695
695 341
341 657
657 500
500 743
743 238
238 724
724 556
556 443
443 222
222 733
733 783
783 407
407 885
885 980
980 633
633 705
705 177
177 128
128 817
817 32
32 289
289 175
175 630
630 499
499 11
11 542
542 589
589 250
250 544
544 31
31 690
690 346
346 69
69 395
395 64
64 953
953 639
639 89
89 785
785 28
28 228
228 424
424 838
838 545
545 310
310 331
331 797
797 366
366 333
333 258
258 101
101 740
740 555
555 315
315 947
947 971
971 979
979 931
931 398
398 987
987 199
199 237
237 126
126 837
837 688
688 617
617 323
323 697
697 739
739 671
671 989
989 793
793 124
124 125
125 798
798 278
278 731
731 788
788 4
4 452
452 203
203 860
860 599
599 918
918 83
83 867
867 302
302 92
92 718
718 99
99 295
295 365
365 811
811 437
437 17
17 86
86 646
646 34
34 347
347 217
217 582
582 816
816 511
511 429
429 336
336 141
141 385
385 703
703 197
197 807
807 540
540 119
119 928
928 234
234 888
888 872
872 615
615 149
149 40
40 506
506 831
831 43
43 623
623 952
952 342
342 883
883 80
80 296
296 359
359 376
376 620
620 216
216 441
441 2
2 140
140 459
459 570
570 775
775 861
861 755
755 416
416 36
36 317
317 171
171 522
522 585
585 344
344 218
218 138
138 779
779 427
427 977
977 458
458 281
281 853
853 830
830 945
945 936
936 984
984 974
974 964
964 581
581 640
640 818
818 468
468 619
619 603
603 759
759 448
448 37
37 692
692 864
864 180
180 402
402 606
606 271
271 915
915 116
116 884
884 920
920 3
3 179
179 209
209 913
913 267
267 65
65 132
132 147
147 551
551 879
879 656
656 127
127 968
968 19
19 561
561 328
328 865
865 621
621 711
711 855
855 557
557 115
115 709
709 421
421 654
654 39
39 681
681 157
157 528
528 911
911 696
696 422
422 978
978 273
273 525
525 484
484 62
62 303
303 586
586 153
153 880
880 204
204 934
934 822
822 6
6 352
352 976
976 170
170 307
307 134
134 961
961 361
361 957
957 720
720 842
842 895
66
3 43
10 38
51 50
25 37
7 11
36 8
36 59
33 7
45 56
41 45
2 25
50 47
63 45
17 40
17 64
46 62
50 19
38 61
14 48
46 36
57 48
60 56
56 50
12 31
23 29
31 26
33 49
35 9
66 24
64 50
37 4
41 44
39 53
38 52
32 42
47 23
44 65
20 65
42 57
35 7
62 21
57 30
14 41
46 55
61 66
27 28
50 27
62 40
13 42
36 14
45 47
58 57
46 55
47 20
31 22
17 28
63 39
42 54
31 15
42 61
29 66
52 15
42 44
23 12
29 18
49 1
65 2
37 54
60 14
61 22
26 22
37 8
19 42
38 62
11 8
51 44
65 13
32 51
53 26
22 44
43 10
13 42
25 4
19 37
38 42
9 16
66 50
33 47
44 66
44 20
49 23
46 63
43 30
40 4
54 60
14 58
24 25
53 50
47 60
53 21
22 10
23 4
56 58
38 60
61 53
14 49
56 44
14 19
45 66
64 45
60 27
22 39
27 23
8 28
38 27
29 14
17 2
41 26
63 41
40 22
12 28
35 14
11 20
32 13
33 66
23 29
20 31
32 30
56 1
47 37
9 17
66 44
1 62
5 3
33 29
64 1
66 37
26 23
14 65
33 51
13 42
44 47
3 9
15 59
5 45
30 38
40 43
23 24
29 46
60 46
1 44
16 38
30 54
5 55
7 22
21 36
23 8
24 56
22 59
23 59
22 34
61 9
55 41
44 2
8 42
60 28
49 31
54 3
23 46
36 34
17 58
28 37
11 30
34 27
66 10
4 65
18 57
62 10
38 22
18 65
23 65
26 58
18 37
12 38
13 33
40 57
52 7
26 61
62 16
32 51
34 19
31 33
3 46
35 12
1 61
60 51
10 21
11 53
57 22
31 49
50 51
15 20
41 56
1 17
40 15
7 66
6 58
60 28
29 51
20 50
15 17
24 30
9 64
6 42
46 64
53 64
50 19
17 35
23 62
15 23
22 64
32 9
8 9
23 15
52 64
48 36
5 8
19 21
63 22
34 51
41 23
24 55
45 13
22 64
30 50
41 3
41 27
15 41
23 65
11 46
17 23
7 26
62 56
42 28
25 43
39 34
51 30
2 20
25 24
44 15
58 61
29 25
1 65
44 24
24 63
9 36
54 24
11 7
58 14
30 36
26 15
44 45
5 26
35 20
27 43
20 8
59 50
20 1
1 54
5 29
66 2
66 9
22 10
21 58
56 4
5 3
47 46
18 13
50 8
14 41
5 28
42 21
44 24
58 40
57 21
40 48
1 34
53 9
46 8
30 51
32 52
50 22
25 60
50 19
31 44
51 32
23 33
31 14
59 9
31 12
47 21
63 18
22 32
50 43
33 30
1 5
41 25
5 48
5 54
24 7
46 40
54 2
39 56
17 40
12 2
11 58
2 48
8 54
38 20
30 62
34 31
38 61
7 47
50 43
62 58
13 50
29 39
49 37
2 9
23 20
32 39
33 66
29 38
9 11
12 51
37 51
19 30
16 65
40 33
62 61
45 28
39 60
56 31
3 52
6 47
47 16
56 41
50 32
53 42
16 22
50 34
25 64
43 11
29 26
44 22
4 34
13 7
36 24
15 56
16 20
2 36
48 21
24 40
61 40
65 61
31 50
50 33
14 60
50 24
45 22
48 54
23 34
36 15
8 26
44 51
2 38
35 13
6 55
15 10
19 35
55 27
54 63
34 4
49 12
53 4
38 31
24 11
39 47
12 22
19 27
56 50
25 13
27 64
39 13
40 41
5 55
23 34
33 57
32 35
64 53
36 25
47 16
5 19
8 15
54 4
52 11
23 45
51 66
18 24
32 60
17 54
64 56
48 25
49 34
52 37
54 8
63 51
48 18
29 34
10 50
59 36
45 7
47 24
62 1
50 63
39 54
19 21
20 16
40 1
28 25
15 65
34 24
21 57
39 46
36 51
5 12
4 32
65 58
48 27
63 64
23 44
34 61
43 40
61 53
58 56
52 49
40 42
19 63
32 11
44 11
25 49
66 38
13 31
66 7
55 31
7 34
44 63
21 43
48 27
65 1
54 37
25 23
40 25
50 43
19 31
48 23
31 48
63 40
38 42
29 22
66 62
65 41
37 44
59 8
52 42
46 38
22 61
63 53
58 19
49 62
4 5
57 9
8 31
32 63
32 19
42 30
4 51
39 57
3 4
52 13
20 32
23 45
62 40
28 10
29 45
57 27
41 19
3 62
11 65
53 49
23 40
47 46
60 26
43 23
43 12
47 43
45 17
3 65
45 54
57 47
36 52
44 58
12 52
14 4
37 25
5 21
55 41
16 22
51 16
27 44
54 34
10 56
15 30
62 46
7 15
7 51
33 66
24 9
22 27
64 26
47 3
61 33
16 25
34 45
39 61
21 20
12 58
35 16
62 33
26 50
37 39
18 22
58 19
1 6
21 22
41 14
12 32
18 19
55 23
63 32
45 37
36 24
22 17
2 61
36 15
37 60
6 35
37 41
39 21
17 65
49 55
15 53
14 45
62 42
37 18
66 3
44 64
31 66
62 26
1 47
57 22
53 43
27 65
40 50
22 32
2 21
60 25
35 2
2 12
26 34
17 46
7 56
51 48
13 60
46 34
47 34
45 21
5 64
48 37
30 44
57 56
45 28
37 66
8 15
41 59
55 34
23 19
3 23
39 4
20 11
58 64
11 63
54 3
58 21
62 20
47 2
61 9
61 25
36 17
10 66
66 58
26 11
47 19
27 8
56 32
50 29
60 3
22 14
53 39
52 65
50 55
24 3
2 16
28 3
25 59
40 57
19 6
54 41
4 19
25 11
37 55
38 27
28 51
42 43
25 30
44 20
1 51
7 36
20 15
53 34
66 58
35 44
64 6
51 52
30 52
36 16
64 61
1 14
39 61
26 5
63 8
53 9
14 40
26 39
55 41
19 27
35 49
23 64
28 6
66 64
48 14
47 60
8 27
17 56
32 6
8 36
35 62
33 26
45 22
42 66
8 25
61 15
57 66
41 22
62 3
32 51
60 63
38 4
51 38
24 15
15 49
44 7
3 10
41 12
61 26
40 8
15 49
38 61
33 32
24 62
60 64
66 44
8 63
47 5
42 14
5 7
35 22
49 2
34 17
2 6
44 63
7 10
43 6
3 14
42 59
47 35
15 40
32 39
35 3
4 60
11 33
42 13
45 12
8 18
64 27
2 17
12 30
65 19
43 52
43 37
32 47
40 2
43 55
2 15
26 57
39 9
15 35
6 33
59 64
55 38
10 34
63 49
27 44
51 14
49 24
17 13
56 1
24 53
1 53
36 35
46 57
31 26
32 45
7 41
46 18
28 8
15 43
66 41
12 27
35 37
33 23
5 27
15 57
11 18
1 47
41 18
29 43
24 44
35 15
17 26
6 47
64 6
22 35
10 12
33 17
32 43
19 37
58 36
63 39
21 15
63 38
65 29
61 9
64 1
66 39
39 48
65 52
51 58
21 52
1 28
19 22
44 48
60 22
58 4
18 63
24 41
51 5
15 42
38 4
12 21
48 63
49 65
50 8
66 2
53 65
13 43
28 4
29 10
36 38
54 19
6 35
8 57
61 36
16 21
26 31
41 27
32 65
20 36
26 27
58 52
48 56
40 59
35 27
32 9
25 41
44 55
29 31
56 27
54 18
21 22
47 42
55 27
10 49
65 56
23 35
20 55
56 11
51 50
56 24
9 45
15 2
65 22
46 51
30 40
9 45
28 8
14 42
60 42
38 23
50 52
15 42
1 15
54 39
24 29
32 27
21 8
54 59
65 53
46 60
28 24
63 31
11 34
49 8
62 65
49 40
47 13
28 15
46 17
19 57
41 61
33 46
46 3
46 12
21 11
24 20
1 2
1 16
5 58
38 3
53 41
35 42
55 30
52 42
12 40
61 30
47 35
39 15
20 28
58 57
58 52
14 10
59 29
29 45
25 9
2 47
12 27
36 49
37 61
10 36
42 38
56 57
57 32
8 53
1 60
59 48
52 51
1 64
34 9
5 57
23 55
43 20
22 42
32 41
13 38
9 3
21 14
2 45
60 59
49 20
58 64
36 29
18 23
56 20
60 47
61 7
39 42
58 55
16 59
63 60
26 34
22 20
40 4
46 21
66 48
33 6
66 55
15 21
25 35
59 5
5 4
48 22
62 41
27 65
62 42
45 65
11 53
21 46
42 5
64 61
40 6
17 29
62 8
33 11
45 2
53 54
17 30
44 34
11 8
62 43
43 6
11 66
52 49
23 50
48 33
60 65
42 44
41 11
65 38
50 13
63 62
24 9
28 13
3 49
4 66
44 32
32 12
35 54
29 5
14 28
66 37
56 37
65 20
38 29
28 18
20 51
42 34
26 28
21 19
11 24
66 43
61 63
16 30
54 65
49 50
49 23
38 10
61 17
44 52
18 29
24 45
15 52
60 13
39 30
22 20
10 33
31 50
66 39
21 29
40 52
21 23