780 780
445 731
731 685
685 51
51 520
520 116
116 630
630 389
389 705
705 641
641 462
462 364
364 587
587 344
344 95
95 544
544 373
373 161
161 304
304 426
426 153
153 50
50 500
500 499
499 13
13 402
402 324
324 592
592 575
575 162
162 160
160 47
47 36
36 378
378 726
726 57
57 22
22 572
572 702
702 45
45 18
18 709
709 81
81 227
227 623
623 748
748 488
488 533
533 752
752 601
601 762
762 310
310 289
289 509
509 263
263 655
655 484
484 505
505 403
403 275
275 246
246 109
109 676
676 146
146 219
219 74
74 131
131 210
210 736
736 419
419 118
118 720
720 665
665 175
175 283
283 242
242 29
29 181
181 149
149 492
492 487
487 604
604 467
467 145
145 188
188 537
537 765
765 293
293 292
292 387
387 78
78 660
660 250
250 8
8 280
280 380
380 271
271 135
135 347
347 653
653 400
400 547
547 72
72 638
638 296
296 498
498 778
778 746
746 60
60 669
669 339
339 451
451 412
412 76
76 170
170 401
401 305
305 603
603 455
455 409
409 105
105 585
585 574
574 386
386 186
186 578
578 123
123 719
719 53
53 132
132 193
193 32
32 497
497 204
204 385
385 680
680 351
351 177
177 328
328 755
755 761
761 416
416 435
435 102
102 285
285 688
688 79
79 693
693 359
359 548
548 465
465 54
54 166
166 708
708 106
106 582
582 636
636 396
396 384
384 236
236 695
695 619
619 767
767 508
508 415
415 388
388 418
418 341
341 313
313 365
365 466
466 73
73 197
197 121
121 353
353 567
567 609
609 230
230 651
651 763
763 606
606 476
476 727
727 164
164 512
512 224
224 87
87 697
697 531
531 404
404 770
770 245
245 552
552 178
178 12
12 681
681 699
699 379
379 66
66 756
756 231
231 554
554 176
176 69
69 563
563 733
733 483
483 581
581 704
704 422
422 691
691 573
573 491
491 238
238 192
192 734
734 249
249 715
715 645
645 596
596 652
652 43
43 745
745 261
261 67
67 716
716 431
431 108
108 584
584 14
14 696
696 334
334 773
773 159
159 151
151 729
729 272
272 154
154 190
190 644
644 464
464 683
683 393
393 776
776 480
480 382
382 494
494 295
295 753
753 395
395 270
270 330
330 98
98 740
740 256
256 319
319 536
536 302
302 510
510 474
474 545
545 771
771 605
605 447
447 602
602 279
279 728
728 103
103 589
589 117
117 180
180 611
611 216
216 414
414 370
370 542
542 99
99 725
725 185
185 276
276 368
368 565
565 618
618 566
566 215
215 68
68 703
703 460
460 39
39 390
390 336
336 659
659 629
629 507
507 59
59 300
300 182
182 449
449 233
233 399
399 243
243 430
430 450
450 751
751 115
115 690
690 265
265 381
381 458
458 152
152 138
138 557
557 232
232 570
570 391
391 10
10 562
562 362
362 173
173 639
639 631
631 309
309 657
657 144
144 463
463 408
408 472
472 522
522 355
355 541
541 493
493 288
288 179
179 775
775 411
411 526
526 237
237 203
203 35
35 264
264 277
277 610
610 269
269 440
440 225
225 307
307 434
434 701
701 684
684 311
311 532
532 546
546 432
432 620
620 656
656 92
92 448
448 377
377 553
553 579
579 48
48 413
413 397
397 349
349 97
97 485
485 374
374 394
394 80
80 764
764 637
637 518
518 358
358 291
291 133
133 632
632 257
257 624
624 268
268 165
165 564
564 406
406 120
120 615
615 461
461 686
686 721
721 141
141 213
213 228
228 549
549 540
540 34
34 52
52 470
470 26
26 167
167 352
352 662
662 40
40 17
17 718
718 9
9 91
91 140
140 571
571 222
222 743
743 369
369 687
687 529
529 198
198 700
700 316
316 625
625 255
255 156
156 556
556 267
267 11
11 294
294 199
199 127
127 473
473 677
677 779
779 83
83 148
148 375
375 506
506 689
689 42
42 244
244 392
392 346
346 262
262 61
61 286
286 143
143 600
600 433
433 363
363 340
340 337
337 710
710 706
706 82
82 595
595 46
46 301
301 1
1 209
209 643
643 361
361 49
49 673
673 321
321 489
489 174
174 44
44 253
253 640
640 666
666 201
201 169
169 172
172 217
217 171
171 675
675 663
663 429
429 27
27 519
519 607
607 202
202 534
534 323
323 64
64 469
469 568
568 24
24 129
129 692
692 281
281 297
297 56
56 442
442 452
452 16
16 490
490 229
229 590
590 15
15 126
126 223
223 614
614 155
155 780
780 93
93 747
747 221
221 130
130 417
417 521
521 168
168 278
278 317
317 94
94 539
539 580
580 766
766 367
367 608
608 444
444 459
459 593
593 207
207 158
158 6
6 298
298 111
111 528
528 599
599 241
241 482
482 678
678 739
739 598
598 318
318 668
668 538
538 211
211 252
252 254
254 457
457 327
327 226
226 423
423 591
591 516
516 670
670 425
425 454
454 741
741 366
366 235
235 84
84 650
650 326
326 427
427 266
266 187
187 70
70 558
558 443
443 299
299 597
597 758
758 436
436 314
314 282
282 525
525 290
290 113
113 3
3 694
694 535
535 63
63 206
206 501
501 284
284 621
621 524
524 674
674 543
543 737
737 100
100 613
613 333
333 86
86 635
635 569
569 234
234 139
139 322
322 62
62 738
738 502
502 2
2 331
331 75
75 453
453 136
136 342
342 147
147 5
5 515
515 247
247 37
37 65
65 774
774 583
583 137
137 354
354 194
194 496
496 757
757 360
360 424
424 89
89 38
38 468
468 478
478 7
7 214
214 150
150 777
777 320
320 114
114 96
96 712
712 735
735 163
163 240
240 612
612 88
88 471
471 594
594 560
560 23
23 58
58 33
33 104
104 125
125 617
617 732
732 306
306 357
357 730
730 410
410 287
287 25
25 616
616 477
477 184
184 71
71 371
371 768
768 750
750 332
332 196
196 634
634 112
112 85
85 646
646 711
711 550
550 107
107 622
622 325
325 134
134 672
672 157
157 475
475 511
511 504
504 530
530 191
191 205
205 315
315 503
503 742
742 405
405 658
658 486
486 664
664 439
439 648
648 356
356 119
119 345
345 122
122 21
21 724
724 576
576 627
627 723
723 647
647 588
588 110
110 383
383 717
717 654
654 769
769 479
479 77
77 441
441 195
195 19
19 376
376 420
420 626
626 517
517 239
239 754
754 30
30 682
682 561
561 218
218 338
338 527
527 303
303 749
749 514
514 329
329 714
714 481
481 4
4 760
760 258
258 142
142 671
671 456
456 41
41 372
372 208
208 260
260 343
343 273
273 551
551 744
744 55
55 707
707 446
446 350
350 428
428 335
335 559
559 20
20 661
661 577
577 212
212 628
628 183
183 713
713 679
679 398
398 128
128 274
274 248
248 586
586 698
698 220
220 649
649 642
642 101
101 633
633 28
28 312
312 759
759 523
523 555
555 722
722 407
407 31
31 495
495 308
308 772
772 124
124 90
90 437
437 189
189 667
667 251
251 259
259 200
200 513
513 348
348 421
421 438
438 445
66
64 10
35 47
45 17
54 57
31 55
45 15
19 32
36 43
42 7
9 6
8 42
28 27
28 53
19 49
6 26
51 59
14 52
61 22
48 21
64 65
10 40
11 49
39 55
20 6
31 24
62 35
2 10
24 44
43 17
20 45
39 22
55 13
59 17
20 17
14 58
45 53
24 66
59 63
26 3
45 34
16 14
55 16
21 11
19 26
29 18
58 26
13 31
64 52
56 66
18 16
12 55
42 55
45 50
12 61
20 13
33 6
42 16
42 27
29 5
25 26
13 21
30 53
11 41
23 47
56 44
59 48
34 43
11 27
42 7
9 21
46 38
54 65
45 31
40 36
38 13
31 29
26 1
49 21
54 1
36 55
16 5
10 60
8 55
56 39
37 16
27 22
54 42
46 5
51 63
32 13
4 59
50 62
43 59
63 28
28 42
28 60
64 15
52 25
21 50
12 27
45 30
21 58
56 63
17 11
39 33
13 45
45 57
38 60
51 40
60 29
62 16
40 16
54 41
32 49
30 6
26 39
50 52
33 46
55 4
5 48
2 62
49 21
59 17
4 28
45 24
48 27
56 41
2 54
58 63
8 36
23 46
10 61
34 3
8 6
8 52
48 43
42 2
36 3
28 1
46 5
40 44
2 13
13 44
29 46
34 63
24 61
26 42
9 13
14 21
2 49
47 7
19 30
8 9
20 57
60 34
23 12
20 57
64 65
29 51
35 37
48 44
54 34
11 48
66 38
19 46
11 65
31 36
5 7
15 55
3 23
41 7
10 54
4 50
37 1
49 50
47 30
13 46
32 36
43 9
5 40
16 28
25 62
44 50
52 19
59 62
3 9
18 41
44 45
36 47
22 42
64 58
49 59
43 20
64 55
14 1
53 17
60 3
43 7
39 57
57 59
26 8
52 43
32 17
27 11
9 12
55 57
57 65
56 14
8 7
47 14
51 55
43 35
55 19
60 22
46 36
5 2
64 50
18 57
11 41
40 44
24 34
34 38
8 51
49 63
34 12
10 41
13 8
55 14
53 21
26 48
9 49
65 51
30 3
61 62
4 52
54 26
14 60
10 36
63 35
62 10
13 66
18 64
52 14
35 64
51 29
57 7
31 29
49 41
12 8
35 46
33 28
36 52
42 51
4 62
14 5
20 12
65 66
23 25
7 4
43 37
59 62
65 31
45 7
54 12
58 60
6 17
58 62
25 16
38 16
42 61
48 66
55 26
17 2
14 52
12 61
28 5
43 11
56 45
14 9
17 47
58 19
8 53
21 36
22 46
10 51
42 32
8 4
21 46
31 34
46 29
16 36
51 28
46 1
63 43
30 5
37 46
1 62
9 34
8 43
50 7
30 16
13 28
42 7
58 30
16 52
50 8
27 47
34 25
16 31
36 37
26 43
35 53
7 35
34 4
38 13
1 50
64 49
23 11
23 26
59 11
11 1
16 40
15 7
56 59
43 35
8 37
49 30
49 48
27 5
59 38
7 10
1 59
51 20
4 54
41 32
57 33
12 59
42 45
8 22
20 13
23 7
40 57
63 57
25 35
45 9
59 37
27 52
45 32
46 66
13 43
3 39
55 32
12 7
15 23
53 22
46 22
30 6
24 58
17 51
24 12
8 20
47 64
46 50
60 54
6 17
1 8
63 9
17 34
46 6
1 17
35 66
17 26
15 39
49 29
39 9
39 36
32 6
44 20
24 35
50 13
27 40
53 64
38 15
22 14
8 52
19 17
19 23
66 22
66 7
26 47
18 41
22 21
28 12
45 64
23 40
31 15
30 17
16 48
6 54
40 27
50 12
58 25
29 23
11 53
48 57
31 60
35 31
18 6
66 28
53 61
51 31
31 1
41 42
7 20
8 26
12 30
38 44
29 30
54 58
31 50
62 33
31 27
12 14
36 62
58 34
54 40
43 15
48 45
54 34
15 48
63 65
37 65
47 25
41 14
4 9
55 14
52 46
62 37
40 6
25 27
29 53
2 16
25 31
12 36
20 18
13 2
57 41
55 41
22 14
3 45
25 61
40 65
62 26
42 44
56 47
46 11
19 34
37 65
36 46
18 43
61 21
44 23
49 4
41 12
16 20
51 26
4 65
63 3
35 14
36 55
35 54
33 49
47 6
12 36
65 37
39 66
57 59
12 50
11 43
44 40
7 4
52 64
31 50
5 12
45 62
57 18
27 49
38 48
34 49
24 55
40 58
35 19
20 62
23 56
43 56
62 65
26 44
18 16
33 12
65 28
46 32
12 36
34 18
13 6
44 55
43 29
54 4
66 11
28 55
8 66
57 48
23 35
33 58
41 61
62 30
35 60
62 22
19 8
18 55
38 44
51 20
43 42
4 12
17 8
59 27
7 32
51 42
24 40
31 16
23 18
46 14
21 38
6 17
45 12
42 19
47 37
55 64
56 46
26 29
37 3
41 65
6 58
51 30
26 54
58 12
33 34
52 45
56 35
18 42
43 11
65 11
8 4
19 25
26 31
31 10
18 21
20 16
53 33
45 53
13 48
32 28
45 63
24 48
8 17
3 53
30 63
17 60
44 41
18 12
50 46
22 30
44 56
11 43
33 30
15 38
1 66
42 61
2 24
57 43
52 36
37 32
28 54
54 1
42 56
9 14
16 18
25 22
29 66
25 43
20 63
56 6
40 37
9 47
60 9
2 18
31 58
25 14
47 5
55 29
36 40
18 21
27 58
4 27
16 63
65 3
63 28
38 7
25 54
21 28
23 55
31 27
30 39
61 35
35 66
15 28
9 63
62 3
47 66
64 29
49 65
10 42
23 63
32 6
49 39
64 4
43 13
29 15
62 25
35 34
29 66
13 46
21 30
35 18
13 62
4 36
16 2
25 5
53 16
2 12
58 28
44 57
25 6
40 22
41 44
7 11
11 40
20 28
20 64
48 25
13 41
44 28
60 40
24 42
66 60
28 48
53 20
30 51
17 53
36 2
59 29
24 45
48 5
18 55
5 6
34 9
21 52
15 38
18 4
4 17
54 51
48 20
65 62
34 19
48 61
65 10
6 5
42 49
16 14
21 19
15 52
28 64
28 61
60 38
51 8
17 53
54 27
20 36
38 13
9 39
43 38
30 15
7 45
24 40
62 64
54 27
22 5
15 64
27 3
3 64
60 17
2 42
21 24
26 18
52 50
15 18
10 9
31 62
31 10
38 55
62 19
52 6
60 11
14 62
6 50
30 65
66 30
33 37
65 54
37 44
29 18
43 20
58 1
45 42
39 36
10 53
54 9
3 17
33 64
50 34
36 43
40 17
47 54
16 54
32 57
59 52
45 58
64 53
54 24
24 35
26 65
46 19
44 46
26 60
58 51
15 64
18 7
37 30
42 31
28 17
57 30
19 23
17 57
20 43
9 6
42 63
40 5
62 11
9 37
23 35
11 30
24 65
25 36
30 56
28 30
58 35
34 7
58 66
26 18
63 52
43 60
53 26
64 1
19 54
25 27
7 57
16 22
60 13
23 19
1 62
59 50