450 450
69 331
331 319
319 45
45 404
404 40
40 200
200 240
240 279
279 442
442 432
432 203
203 295
295 322
322 338
338 226
226 213
213 163
163 419
419 305
305 113
113 299
299 31
31 86
86 17
17 433
433 242
242 366
366 123
123 251
251 401
401 117
117 369
369 187
187 10
10 126
126 70
70 28
28 377
377 321
321 282
282 106
106 37
37 382
382 397
397 176
176 336
336 325
325 402
402 219
219 201
201 313
313 105
105 155
155 160
160 271
271 119
119 166
166 350
350 238
238 388
388 378
378 77
77 151
151 423
423 355
355 121
121 384
384 376
376 46
46 352
352 437
437 277
277 107
107 190
190 32
32 140
140 221
221 150
150 229
229 289
289 91
91 72
72 1
1 428
428 224
224 92
92 341
341 245
245 62
62 246
246 189
189 180
180 262
262 236
236 12
12 278
278 334
334 193
193 420
420 450
450 130
130 79
79 195
195 95
95 44
44 115
115 411
411 24
24 323
323 371
371 441
441 116
116 18
18 403
403 57
57 42
42 153
153 308
308 291
291 15
15 239
239 205
205 327
327 146
146 326
326 192
192 370
370 427
427 363
363 280
280 94
94 209
209 425
425 93
93 148
148 225
225 49
49 169
169 292
292 413
413 233
233 329
329 422
422 414
414 362
362 248
248 281
281 164
164 288
288 311
311 412
412 175
175 159
159 118
118 25
25 273
273 270
270 64
64 275
275 88
88 181
181 449
449 111
111 11
11 333
333 231
231 120
120 43
43 165
165 375
375 67
67 276
276 97
97 104
104 446
446 318
318 426
426 447
447 250
250 344
344 2
2 9
9 21
21 316
316 3
3 110
110 172
172 127
127 48
48 266
266 353
353 198
198 317
317 80
80 328
328 73
73 136
136 364
364 398
398 144
144 274
274 439
439 330
330 357
357 59
59 365
365 394
394 103
103 196
196 30
30 347
347 216
216 60
60 340
340 129
129 81
81 335
335 199
199 410
410 430
430 395
395 372
372 294
294 265
265 359
359 154
154 293
293 157
157 29
29 373
373 89
89 53
53 386
386 217
217 390
390 418
418 435
435 306
306 65
65 156
156 253
253 247
247 303
303 257
257 406
406 312
312 381
381 320
320 260
260 51
51 56
56 392
392 214
214 255
255 228
228 393
393 218
218 52
52 6
6 202
202 8
8 83
83 407
407 283
283 208
208 416
416 237
237 152
152 145
145 19
19 20
20 421
421 35
35 16
16 417
417 351
351 259
259 186
186 7
7 287
287 345
345 98
98 290
290 138
138 74
74 241
241 235
235 211
211 206
206 356
356 41
41 223
223 301
301 143
143 191
191 440
440 54
54 185
185 87
87 27
27 285
285 162
162 332
332 78
78 139
139 167
167 131
131 170
170 234
234 108
108 337
337 168
168 360
360 33
33 76
76 314
314 158
158 354
354 438
438 300
300 197
197 297
297 84
84 391
391 222
222 100
100 244
244 304
304 71
71 215
215 125
125 409
409 396
396 269
269 431
431 254
254 122
122 184
184 307
307 99
99 23
23 252
252 296
296 339
339 102
102 258
258 68
68 358
358 135
135 272
272 75
75 210
210 302
302 400
400 85
85 343
343 142
142 361
361 50
50 132
132 173
173 415
415 207
207 22
22 243
243 178
178 26
26 448
448 58
58 212
212 63
63 374
374 348
348 434
434 380
380 429
429 4
4 194
194 436
436 264
264 367
367 284
284 141
141 147
147 109
109 379
379 230
230 82
82 188
188 346
346 174
174 114
114 177
177 133
133 161
161 267
267 405
405 14
14 124
124 298
298 220
220 227
227 13
13 445
445 179
179 385
385 149
149 5
5 399
399 134
134 286
286 408
408 324
324 112
112 268
268 256
256 38
38 101
101 61
61 368
368 315
315 310
310 47
47 424
424 249
249 96
96 90
90 183
183 443
443 342
342 204
204 34
34 171
171 444
444 55
55 309
309 387
387 349
349 261
261 263
263 232
232 137
137 39
39 383
383 128
128 36
36 389
389 66
66 182
182 69
127
86 120
52 72
20 27
61 93
100 70
62 109
97 49
70 121
5 111
1 91
34 1
7 35
67 25
44 25
71 20
71 5
126 124
94 27
17 95
71 112
25 111
26 122
126 3
96 43
34 15
105 98
124 104
39 43
34 119
127 20
12 101
86 9
105 91
15 123
65 56
57 46
65 77
64 50
1 74
66 1
55 124
121 94
3 87
107 15
109 1
86 98
83 79
10 22
98 83
61 113
11 123
116 89
87 46
92 124
23 24
60 63
33 63
104 75
81 17
61 11
122 80
5 21
16 96
92 66
58 11
34 81
64 61
83 22
61 57
90 2
20 35
127 97
13 65
90 60
28 82
23 70
41 28
75 108
126 104
31 6
101 23
98 52
18 71
10 122
92 96
122 89
47 94
51 5
38 50
72 52
43 115
33 120
18 62
87 40
65 19
69 126
11 64
65 68
18 56
87 1
119 65
60 82
31 61
108 38
20 38
123 92
39 87
25 84
121 126
116 87
119 29
73 67
56 47
86 88
3 94
1 12
32 54
116 52
7 102
3 104
89 8
74 94
122 69
95 75
114 1
82 107
40 57
72 106
117 109
15 101
119 19
120 81
71 17
41 22
94 18
47 40
85 98
57 73
71 58
121 84
107 95
83 63
55 99
110 52
116 53
85 108
95 42
44 46
64 1
54 32
107 97
106 3
124 59
111 93
23 111
38 119
41 101
123 111
34 70
57 67
93 27
50 123
90 23
13 98
24 6
46 22
64 4
123 47
5 36
105 78
87 123
63 121
115 53
22 64
37 94
118 40
7 52
112 17
83 38
39 61
123 55
122 119
63 95
46 71
112 48
57 14
114 98
74 34
110 33
70 111
35 114
9 95
3 58
65 76
39 89
51 75
112 76
97 126
8 27
125 60
94 50
126 92
75 76
96 64
124 83
24 81
120 51
55 20
69 112
28 63
89 121
45 41
35 118
25 16
89 31
90 33
36 63
89 29
74 37
62 58
98 79
24 73
122 115
85 93
19 63
65 7
86 30
72 74
103 21
50 126
116 103
55 66
52 10
123 119
54 87
74 52
40 19
124 76
23 103
41 102
94 71
59 13
50 37
68 46
54 78
18 65
34 21
68 41
90 1
25 127
84 17
126 34
98 67
68 2
19 67
121 21
39 13
47 61
21 92
37 123
88 3
53 5
28 32
14 48
52 33
114 46
34 102
33 15
86 40
18 115
122 1
69 82
82 36
113 45
78 98
29 23
52 101
56 101
111 16
94 95
52 7
21 83
92 28
22 124
91 38
127 10
100 87
127 67
1 50
111 124
48 102
10 21
35 17
121 37
52 45
54 83
50 73
126 30
66 80
84 111
18 96
79 60
24 54
92 118
13 74
54 32
49 122
88 47
99 90
10 5
126 125
37 82
56 14
16 28
120 107
84 86
59 40
10 116
111 125
99 64
48 73
25 87
41 20
105 24
90 16
78 11
47 55
115 32
127 121
78 47
2 91
78 11
127 115
55 51
51 35
22 81
12 85
33 124
102 117
18 110
82 49
73 89
39 118
124 40
50 12
17 12
86 15
76 92
10 68
126 23
92 68
120 19
4 48
37 60
117 121
94 97
58 94
8 118
64 58
56 24
100 64
87 100
27 113
73 81
7 39
89 116
127 2
43 109
104 80
83 58
89 63
7 25
45 94
47 23
122 31
112 108
6 12
107 36
24 68
33 35
87 29
43 30
52 34
39 2
13 30
120 20
29 111
86 98
33 10
27 122
90 40
122 95
100 99
77 55
50 21
119 77
71 76
59 105
119 32
36 114
36 65
127 95
77 107
92 12
47 23
127 112
41 45
47 62
72 100
86 18
78 58
105 91
37 97
50 75
86 40
34 19
52 46
10 57
39 93
109 81
67 70
36 82
33 8
112 75
111 7
102 109
29 75
106 39
46 112
77 108
42 111
122 2
88 114
5 87
97 38
28 82
112 49
72 37
39 35
39 89
17 127
2 79
30 32
70 17
83 54
73 40
126 80
124 11
101 113
67 31