670 670
608 547
547 70
70 444
444 310
310 315
315 16
16 326
326 178
178 339
339 59
59 515
515 628
628 556
556 454
454 391
391 572
572 362
362 218
218 231
231 494
494 234
234 50
50 191
191 656
656 275
275 230
230 599
599 554
554 638
638 499
499 189
189 509
509 126
126 9
9 63
63 32
32 555
555 159
159 359
359 258
258 186
186 179
179 486
486 667
667 606
606 468
468 503
503 488
488 521
521 428
428 286
286 653
653 91
91 386
386 402
402 529
529 190
190 414
414 344
344 563
563 526
526 471
471 121
121 18
18 157
157 79
79 408
408 37
37 352
352 395
395 338
338 139
139 45
45 459
459 10
10 146
146 255
255 129
129 649
649 626
626 213
213 564
564 299
299 317
317 482
482 652
652 257
257 627
627 54
54 349
349 650
650 29
29 373
373 583
583 87
87 219
219 125
125 184
184 21
21 406
406 351
351 427
427 103
103 462
462 4
4 34
34 185
185 145
145 332
332 24
24 403
403 375
375 200
200 48
48 630
630 336
336 262
262 364
364 177
177 562
562 239
239 270
270 476
476 115
115 8
8 660
660 631
631 399
399 363
363 123
123 143
143 659
659 613
613 259
259 293
293 498
498 243
243 309
309 543
543 227
227 15
15 616
616 550
550 360
360 41
41 607
607 589
589 586
586 171
171 532
532 410
410 396
396 168
168 274
274 58
58 232
232 587
587 289
289 249
249 618
618 439
439 265
265 379
379 568
568 211
211 75
75 61
61 316
316 648
648 335
335 570
570 165
165 383
383 438
438 93
93 581
581 221
221 140
140 591
591 483
483 329
329 74
74 111
111 654
654 56
56 447
447 464
464 330
330 193
193 101
101 353
353 71
71 466
466 642
642 183
183 197
197 65
65 451
451 345
345 658
658 465
465 68
68 347
347 25
25 590
590 321
321 99
99 318
318 114
114 22
22 621
621 36
36 12
12 385
385 23
23 551
551 80
80 417
417 110
110 220
220 611
611 643
643 369
369 374
374 206
206 580
580 584
584 537
537 400
400 152
152 60
60 161
161 55
55 603
603 233
233 519
519 496
496 380
380 67
67 215
215 431
431 661
661 610
610 588
588 480
480 181
181 419
419 131
131 534
534 600
600 170
170 405
405 261
261 323
323 328
328 280
280 665
665 664
664 89
89 481
481 457
457 283
283 646
646 542
542 242
242 155
155 538
538 561
561 162
162 378
378 585
585 544
544 26
26 381
381 53
53 128
128 303
303 355
355 245
245 300
300 222
222 238
238 301
301 88
88 365
365 435
435 83
83 175
175 147
147 72
72 313
313 266
266 96
96 272
272 593
593 14
14 164
164 382
382 216
216 116
116 441
441 223
223 461
461 28
28 560
560 160
160 325
325 523
523 52
52 445
445 422
422 122
122 500
500 290
290 20
20 195
195 579
579 595
595 142
142 490
490 493
493 144
144 331
331 69
69 226
226 663
663 138
138 306
306 287
287 536
536 166
166 645
645 455
455 244
244 552
552 154
154 112
112 180
180 307
307 582
582 565
565 134
134 167
167 334
334 558
558 510
510 51
51 288
288 66
66 370
370 209
209 508
508 39
39 350
350 252
252 136
136 322
322 485
485 217
217 371
371 624
624 393
393 153
153 512
512 324
324 109
109 491
491 432
432 127
127 76
76 7
7 640
640 282
282 497
497 463
463 623
623 254
254 77
77 426
426 511
511 434
434 641
641 333
333 117
117 609
609 557
557 119
119 524
524 387
387 44
44 578
578 424
424 102
102 390
390 85
85 311
311 612
612 228
228 598
598 84
84 506
506 268
268 214
214 150
150 567
567 592
592 625
625 430
430 169
169 571
571 124
124 82
82 539
539 31
31 208
208 505
505 133
133 528
528 264
264 569
569 94
94 62
62 42
42 319
319 337
337 296
296 525
525 633
633 449
449 530
530 668
668 549
549 346
346 366
366 149
149 284
284 573
573 341
341 343
343 92
92 501
501 448
448 196
196 137
137 651
651 635
635 502
502 632
632 135
135 246
246 97
97 421
421 40
40 47
47 64
64 105
105 248
248 397
397 460
460 666
666 86
86 151
151 531
531 420
420 107
107 43
43 285
285 574
574 361
361 182
182 225
225 669
669 548
548 176
176 489
489 376
376 204
204 472
472 279
279 271
271 260
260 187
187 304
304 308
308 212
212 576
576 98
98 205
205 120
120 446
446 495
495 277
277 452
452 425
425 429
429 278
278 389
389 433
433 388
388 224
224 639
639 559
559 473
473 566
566 291
291 342
342 174
174 520
520 13
13 113
113 11
11 516
516 644
644 95
95 614
614 314
314 533
533 192
192 517
517 104
104 194
194 30
30 269
269 527
527 203
203 148
148 478
478 253
253 298
298 404
404 577
577 670
670 297
297 100
100 78
78 392
392 605
605 354
354 251
251 604
604 327
327 619
619 202
202 553
553 132
132 158
158 236
236 210
210 17
17 57
57 33
33 470
470 241
241 401
401 442
442 35
35 229
229 276
276 507
507 247
247 458
458 1
1 156
156 49
49 416
416 348
348 407
407 596
596 356
356 622
622 594
594 3
3 662
662 394
394 368
368 6
6 467
467 412
412 615
615 450
450 292
292 423
423 636
636 437
437 398
398 597
597 27
27 201
201 411
411 358
358 273
273 294
294 545
545 106
106 237
237 256
256 372
372 19
19 634
634 199
199 163
163 629
629 540
540 655
655 479
479 320
320 357
357 173
173 73
73 436
436 474
474 130
130 207
207 312
312 81
81 340
340 302
302 453
453 602
602 118
118 513
513 108
108 250
250 541
541 522
522 546
546 487
487 198
198 477
477 240
240 484
484 46
46 281
281 601
601 295
295 492
492 384
384 647
647 418
418 657
657 514
514 235
235 575
575 409
409 90
90 415
415 305
305 443
443 620
620 440
440 535
535 267
267 469
469 263
263 141
141 377
377 504
504 367
367 2
2 637
637 172
172 518
518 38
38 188
188 475
475 5
5 456
456 413
413 617
617 608
250
90 152
236 117
93 11
94 103
140 135
123 196
128 11
152 143
200 206
212 105
171 49
246 13
129 67
2 198
215 235
241 235
207 92
200 33
103 61
220 241
75 171
93 71
240 66
126 69
13 79
166 60
26 50
96 23
214 81
75 25
182 180
229 110
162 65
155 125
151 194
221 128
62 38
186 62
30 148
124 99
126 154
208 27
226 122
206 200
230 7
150 218
92 86
131 18
1 103
30 101
126 95
111 128
77 32
20 86
127 160
62 177
91 100
248 198
165 64
242 246
156 23
232 217
204 207
173 149
206 28
30 71
2 80
4 136
234 67
249 49
135 75
101 193
210 88
23 222
155 131
91 150
20 156
225 192
243 239
66 20
78 17
93 59
84 210
154 4
144 182
43 104
89 157
59 240
91 115
111 2
22 166
244 247
206 131
240 39
175 205
218 152
198 186
140 126
22 131
232 71
137 183
20 3
107 129
139 113
18 197
167 88
237 204
20 176
224 117
59 99
237 106
228 226
206 122
224 239
178 185
172 35
128 216
138 135
127 41
241 155
175 102
136 124
61 31
125 65
197 113
151 183
54 123
214 155
245 160
41 151
76 37
202 226
91 103
121 169
155 33
179 167
163 222
236 3
121 81
247 52
238 75
134 167
24 82
105 117
21 6
5 77
196 183
152 162
237 83
58 248
199 83
87 116
83 28
213 113
56 208
98 206
34 160
130 169
185 168
176 70
234 51
40 211
191 143
180 93
31 96
69 166
228 121
198 212
235 67
18 248
46 88
229 224
170 21
232 122
222 54
230 228
198 85
249 161
232 28
231 69
8 188
46 75
42 43
177 39
148 130
187 249
53 70
184 8
24 15
186 21
141 157
169 28
205 220
124 43
117 22
50 5
99 239
146 241
249 42
30 161
210 206
150 166
156 211
136 100
165 41
208 140
107 149
219 45
13 110
169 196
201 78
197 198
50 72
181 7
181 221
10 4
4 19
12 114
48 58
147 250
194 33
129 222
158 99
192 94
163 52
1 162
111 87
100 85
158 223
229 205
100 79
239 69
231 202
90 3
160 125
142 69
130 32
67 140
21 216
174 235
122 91
215 77
120 73
177 147
140 22
238 139
191 205
222 187
133 130
46 36
57 25
62 212
203 201
193 59
144 192
233 82
8 191
225 14
189 94
95 113
12 73
52 249
9 182
189 162
158 193
6 225
99 51
145 92
114 59
149 236
239 148
28 240
181 220
44 232
46 215
124 242
166 242
205 118
107 172
153 244
199 134
115 69
151 45
102 95
247 209
83 59
26 1
207 75
32 155
81 201
140 171
244 23
161 213
214 203
127 58
167 80
146 206
200 178
215 18
241 177
66 206
123 62
243 24
207 231
52 45
183 160
236 35
200 51
224 9
99 33
35 84
193 105
26 231
149 88
187 149
178 233
1 236
152 223
211 197
197 121
113 192
223 174
166 40
205 4
214 227
24 174
170 72
8 77
34 67
231 163
10 121
88 116
238 30
95 123
230 134
248 119
189 153
16 174
226 216
46 74
89 111
27 114
18 161
33 45
210 94
100 181
14 189
156 15
202 87
160 37
194 221
14 209
238 246
112 68
232 135
49 28
199 51
84 18
5 105
69 62
246 40
178 201
105 97
138 206
92 166
15 200
160 152
191 211
43 17
60 74
157 206
22 113
240 139
246 11
143 79
67 217
199 226
181 167
202 163
14 124
63 167
177 57
50 198
247 105
20 130
101 97
15 248
79 238
3 106
179 185
233 87
154 146
208 160
187 217
166 9
23 150
207 114
219 190
64 146
135 249
184 14
250 157
135 105
148 113
193 160
124 137
6 128
9 21
183 8
161 142
44 155
81 124
165 175
116 215
147 201
179 134
85 183
138 237
45 195
233 184
173 18
200 157
12 81
70 36
121 208
242 144
133 189
159 81
10 116
242 63
214 181
232 180
123 169
6 117
139 10
71 105
247 57
49 227
197 101
239 31
13 150
126 215
200 37
53 135
183 14
86 151
188 41
148 226
137 54
38 10
242 136
243 172
196 129
147 83
6 114
117 164
113 248
153 78
139 192
156 232
11 99
169 178
177 236
162 164
202 127
168 78
227 81
142 191
21 235
71 87
12 205
210 152
140 32
80 23
73 129
248 98
214 234
220 82
82 224
108 161
33 141
237 181
183 171
245 184
234 119
159 169
17 246
22 183
137 118
179 99
12 222
7 173
50 86
99 155
242 150
45 142
78 243
137 185
40 86
129 42
175 127
15 75
13 202
143 94
245 37
87 7
152 133
67 152
199 63
12 46
13 239
158 4
235 167
8 88
199 202
105 110
75 123
45 230
147 46
90 35
42 57
165 247
3 211
191 47
107 162
55 91
56 18
88 118
222 235
46 3
206 195
143 32
167 224
150 192
236 30
181 8
6 126
15 183
100 248
111 202
138 192
187 101
190 62
236 16
237 224
247 94
64 180
223 136
229 80
54 44
8 49
244 154
134 200
80 84
206 22
71 154
197 222
198 115
114 134
108 5
176 48
226 151
169 188
56 225
26 225
165 181
21 3
151 166
219 118
62 176
149 236
127 129
151 204
128 234
184 89
49 85
202 172
169 57
16 176
31 225
136 139
248 40
163 201
101 18
134 25
196 240
67 102
45 245
190 182
141 183
89 228
111 23
118 165
148 193
128 249
15 64
187 201
211 159
80 83
112 88
248 97
249 94
110 250
43 73
20 92
57 48
149 35
150 151
81 120
227 124
210 125
9 131
99 10
195 60
179 169
47 220
69 234
42 228
5 185
30 13
70 200
159 129
149 73
182 157
19 246
2 182
77 183
40 171
79 145
78 84
224 26
1 93
175 77
6 114
141 63
230 163
230 216
136 117
83 112
127 111
185 43
93 110
193 102
70 15
225 215
107 117
164 45
93 101
225 123
179 70
9 79
142 229
227 185
217 19
244 207
62 198
233 29
1 204
121 102
175 26
228 58
150 158
45 240
203 133
244 91
83 115
149 130
214 98
81 223
83 242