780 780
759 639
639 584
584 631
631 185
185 146
146 761
761 355
355 44
44 81
81 239
239 551
551 109
109 750
750 563
563 61
61 737
737 371
371 409
409 385
385 455
455 768
768 664
664 101
101 261
261 536
536 269
269 501
501 362
362 82
82 566
566 513
513 213
213 716
716 620
620 150
150 169
169 51
51 736
736 97
97 280
280 149
149 680
680 671
671 558
558 552
552 168
168 460
460 257
257 375
375 229
229 156
156 630
630 534
534 473
473 420
420 233
233 590
590 226
226 265
265 725
725 539
539 178
178 598
598 392
392 511
511 308
308 677
677 609
609 303
303 23
23 656
656 24
24 266
266 173
173 85
85 446
446 481
481 492
492 596
596 337
337 687
687 240
240 285
285 259
259 540
540 772
772 28
28 12
12 567
567 141
141 1
1 457
457 758
758 480
480 29
29 91
91 202
202 688
688 58
58 651
651 574
574 641
641 697
697 122
122 747
747 246
246 719
719 128
128 88
88 623
623 555
555 196
196 194
194 728
728 650
650 569
569 55
55 382
382 139
139 133
133 187
187 771
771 171
171 424
424 568
568 307
307 642
642 622
622 84
84 287
287 59
59 143
143 676
676 354
354 487
487 121
121 636
636 301
301 532
532 605
605 423
423 418
418 518
518 323
323 661
661 665
665 10
10 723
723 708
708 601
601 459
459 274
274 381
381 292
292 654
654 225
225 305
305 404
404 525
525 718
718 30
30 699
699 720
720 721
721 18
18 749
749 389
389 448
448 98
98 648
648 123
123 346
346 611
611 333
333 573
573 521
521 199
199 775
775 729
729 66
66 349
349 675
675 93
93 479
479 374
374 244
244 709
709 20
20 8
8 282
282 395
395 27
27 537
537 572
572 284
284 600
600 119
119 321
321 155
155 531
531 580
580 188
188 535
535 45
45 4
4 658
658 413
413 435
435 463
463 48
48 299
299 302
302 689
689 348
348 674
674 137
137 608
608 587
587 554
554 151
151 201
201 258
258 779
779 279
279 136
136 316
316 743
743 34
34 330
330 471
471 669
669 653
653 94
94 662
662 405
405 365
365 644
644 632
632 450
450 138
138 361
361 203
203 417
417 528
528 458
458 147
147 15
15 159
159 506
506 222
222 182
182 227
227 72
72 419
419 110
110 599
599 41
41 78
78 242
242 339
339 571
571 190
190 264
264 672
672 740
740 428
428 621
621 452
452 16
16 286
286 575
575 14
14 482
482 548
548 75
75 615
615 732
732 731
731 11
11 391
391 154
154 489
489 543
543 329
329 538
538 673
673 425
425 238
238 514
514 115
115 340
340 263
263 421
421 561
561 451
451 124
124 366
366 657
657 248
248 69
69 130
130 522
522 294
294 467
467 249
249 663
663 300
300 660
660 105
105 165
165 412
412 741
741 142
142 472
472 635
635 67
67 344
344 57
57 65
65 293
293 507
507 592
592 319
319 108
108 53
53 387
387 470
470 604
604 655
655 649
649 271
271 586
586 668
668 92
92 712
712 427
427 588
588 767
767 748
748 755
755 310
310 99
99 49
49 735
735 483
483 466
466 313
313 251
251 32
32 594
594 742
742 241
241 667
667 453
453 591
591 701
701 235
235 383
383 250
250 546
546 766
766 705
705 231
231 524
524 628
628 104
104 228
228 403
403 89
89 87
87 3
3 547
547 7
7 602
602 468
468 334
334 71
71 215
215 356
356 317
317 200
200 296
296 204
204 183
183 176
176 484
484 230
230 579
579 36
36 328
328 42
42 17
17 46
46 369
369 76
76 515
515 152
152 647
647 297
297 512
512 700
700 738
738 295
295 162
162 690
690 616
616 684
684 379
379 126
126 625
625 33
33 691
691 9
9 595
595 610
610 585
585 475
475 158
158 384
384 456
456 252
252 646
646 390
390 52
52 549
549 380
380 445
445 256
256 127
127 368
368 224
224 510
510 312
312 56
56 619
619 314
314 577
577 40
40 415
415 544
544 102
102 746
746 21
21 436
436 216
216 291
291 275
275 210
210 283
283 726
726 207
207 63
63 364
364 751
751 217
217 100
100 140
140 508
508 756
756 163
163 533
533 722
722 762
762 734
734 496
496 698
698 753
753 209
209 462
462 442
442 505
505 331
331 120
120 564
564 432
432 236
236 309
309 733
733 62
62 769
769 670
670 191
191 685
685 634
634 324
324 164
164 96
96 414
414 192
192 267
267 583
583 550
550 780
780 253
253 281
281 175
175 234
234 125
125 218
218 399
399 31
31 376
376 465
465 541
541 35
35 206
206 83
83 440
440 388
388 763
763 189
189 606
606 214
214 434
434 341
341 509
509 347
347 562
562 618
618 702
702 754
754 696
696 478
478 290
290 77
77 80
80 520
520 692
692 107
107 205
205 342
342 429
429 273
273 401
401 208
208 545
545 744
744 289
289 438
438 117
117 325
325 174
174 318
318 74
74 715
715 367
367 560
560 523
523 38
38 637
637 613
613 730
730 776
776 447
447 357
357 681
681 765
765 704
704 50
50 491
491 703
703 488
488 135
135 597
597 254
254 519
519 167
167 476
476 706
706 694
694 186
186 402
402 255
255 68
68 64
64 360
360 752
752 693
693 497
497 2
2 394
394 454
454 95
95 278
278 326
326 407
407 474
474 717
717 397
397 320
320 113
113 335
335 764
764 311
311 26
26 607
607 500
500 778
778 643
643 79
79 298
298 116
116 43
43 486
486 243
243 398
398 306
306 773
773 260
260 245
245 713
713 153
153 73
73 181
181 351
351 477
477 54
54 134
134 707
707 221
221 516
516 760
760 652
652 327
327 343
343 603
603 118
118 565
565 645
645 461
461 633
633 172
172 614
614 198
198 352
352 144
144 503
503 111
111 770
770 223
223 5
5 439
439 408
408 449
449 350
350 629
629 22
22 504
504 431
431 617
617 400
400 638
638 322
322 106
106 19
19 727
727 640
640 86
86 103
103 739
739 411
411 37
37 542
542 502
502 433
433 683
683 437
437 372
372 444
444 695
695 576
576 378
378 529
529 553
553 469
469 132
132 527
527 13
13 499
499 332
332 148
148 211
211 315
315 195
195 268
268 338
338 582
582 272
272 589
589 370
370 714
714 70
70 570
570 184
184 6
6 270
270 526
526 180
180 386
386 430
430 212
212 363
363 559
559 624
624 678
678 612
612 490
490 517
517 177
177 157
157 495
495 679
679 197
197 377
377 410
410 237
237 277
277 464
464 578
578 757
757 406
406 530
530 426
426 494
494 777
777 358
358 682
682 161
161 441
441 304
304 39
39 393
393 416
416 373
373 498
498 626
626 336
336 724
724 179
179 47
47 666
666 745
745 219
219 774
774 493
493 345
345 659
659 443
443 220
220 686
686 396
396 112
112 145
145 262
262 276
276 129
129 193
193 593
593 90
90 627
627 25
25 166
166 556
556 711
711 232
232 710
710 422
422 131
131 114
114 170
170 485
485 353
353 359
359 581
581 60
60 557
557 288
288 160
160 247
247 759
5
3 5
4 3
5 4
4 2
4 5
2 3
5 1
3 1
3 5
2 4
4 3
5 1
2 1
4 2
2 5
4 5
2 1
3 4
5 2
2 5
2 5
4 5
1 2
5 3
4 5
1 4
1 4
1 4
4 1
5 4
2 4
5 2
5 2
1 4
5 1
2 3
1 5
5 3
5 2
5 4
5 4
2 1
3 1
3 5
5 1
5 2
3 1
1 3
2 4
1 4
4 2
5 4
1 3
2 4
3 1
3 5
3 1
5 4
1 4
5 3
4 1
4 3
5 1
4 5
3 1
2 3
4 5
1 5
5 3
2 5
4 1
2 1
4 1
5 4
4 3
3 4
1 2
3 5
4 5
5 1
2 5
1 4
1 4
4 3
1 3
2 1
5 2
2 1
4 2
2 3
1 3
2 4
2 1
5 4
1 4
4 1
5 3
5 4
1 3
4 1
3 4
3 4
5 1
2 4
1 5
4 1
5 1
4 5
3 2
5 4
4 2
2 5
1 2
3 1
4 5
5 2
1 4
3 2
3 5
5 2
3 2
5 2
2 1
4 2
4 2
5 3
3 1
5 1
2 1
4 2
4 2
1 5
3 5
3 5
2 3
3 4
1 3
2 5
1 3
5 4
5 2
5 3
3 4
4 1
1 2
2 5
2 4
4 3
4 5
2 4
1 5
1 3
3 4
3 5
5 2
4 1
1 3
4 2
4 5
3 5
4 3
5 1
5 4
3 2
4 1
2 5
3 2
3 4
4 1
3 4
2 5
5 2
5 1
1 4
1 3
1 2
4 2
5 2
1 2
5 4
5 2
2 4
1 2
2 4
2 4
2 5
3 2
1 5
2 4
3 4
2 4
2 4
3 1
3 4
4 1
4 1
2 5
3 5
4 1
5 2
2 1
3 2
1 3
1 4
1 5
3 5
1 2
5 3
3 5
2 4
3 2
4 2
2 3
4 3
2 3
5 3
1 5
2 5
4 1
1 2
2 4
1 2
4 3
5 2
5 3
2 5
3 2
3 5
1 5
4 1
4 5
3 5
2 3
5 2
3 4
2 3
4 1
3 4
1 2
3 1
4 2
4 5
4 1
5 3
4 5
1 5
2 1
1 4
3 4
5 3
4 2
2 5
2 3
1 4
1 5
1 3
1 2
4 2
5 2
2 1
2 4
1 3
2 5
1 4
5 4
4 3
1 3
3 4
5 4
1 4
3 5
5 3
1 2
3 5
2 4
2 3
3 5
1 5
2 4
1 4
5 2
4 5
2 4
2 5
4 5
3 1
1 2
1 5
1 5
2 5
2 5
2 3
5 1
5 2
1 4
3 4
2 5
1 5
1 5
5 3
2 1
5 1
3 5
1 3
3 2
1 4
4 1
1 5
5 1
5 1
2 4
1 3
4 1
3 4
4 2
3 5
2 3
3 2
1 3
1 5
3 2
2 5
1 2
1 3
1 4
5 2
1 5
5 2
1 5
1 5
4 3
1 4
3 2
2 1
5 3
1 5
2 4
3 5
3 5
4 2
5 3
5 2
2 1
3 4
2 3
4 2
4 3
3 1
3 4
4 1
2 1
1 2
3 2
1 2
4 3
1 2
3 4
2 1
2 3
4 1
4 1
2 1
4 5
2 5
1 2
5 1
3 5
4 3
4 2
5 2
2 1
4 5
4 2
3 4
5 4
3 5
2 3
2 4
1 4
4 2
3 1
4 2
5 3
4 2
3 5
4 2
2 3
3 5
2 4
5 3
5 3
2 4
5 4
1 3
4 3
5 4
3 4
2 4
4 5
1 2
2 4
2 1
3 4
3 5
3 4
4 3
2 4
3 1
2 5
2 1
3 5
5 3
3 1
4 3
4 1
5 1
4 2
3 1
1 4
2 1
2 1
1 2
1 2
5 4
1 5
4 3
3 4
5 3
3 5
3 4
2 4
3 1
4 3
2 4
5 1
5 3
1 4
4 1
1 2
1 4
3 4
2 4
1 2
1 2
5 1
1 5
2 4
2 4
3 5
3 2
3 5
2 3
2 5
2 5
5 2
4 2
2 3
2 5
1 3
5 3
4 5
5 2
3 5
2 5
1 5
4 5
2 1
1 2
4 1
4 1
3 1
5 3
2 1
1 3
1 3
4 2
4 5
4 1
3 2
4 5
1 4
1 4
4 3
3 5
3 1
4 1
4 5
4 5
2 3
2 5
5 2
2 3
3 5
5 1
4 5
4 5
2 1
2 4
1 5
5 4
2 4
4 1
1 4
2 1
3 2
4 3
5 1
1 2
3 1
3 5
3 2
5 3
3 4
4 1
5 2
1 2
1 3
2 1
2 1
4 5
4 2
3 2
1 2
2 4
3 1
5 2
5 1
5 4
2 1
5 3
3 2
1 4
1 4
1 5
5 4
1 4
1 5
2 4
1 5
1 4
4 5
3 1
4 3
5 2
1 5
5 3
4 2
3 2
2 4
2 4
3 2
5 1
3 1
2 4
5 1
5 2
5 4
1 2
3 5
1 5
5 3
4 5
1 2
3 1
1 3
4 5
3 2
3 2
4 3
4 1
1 5
5 4
4 1
2 5
4 1
1 2
3 5
4 2
4 5
1 4
5 3
2 5
3 1
1 2
5 4
2 3
2 4
2 5
4 5
5 2
1 4
4 3
2 3
4 3
3 4
2 4
1 2
5 4
2 3
4 3
3 2
5 1
5 2
1 4
2 1
1 4
5 1
2 4
2 3
2 1
2 4
4 2
5 2
4 1
2 3
5 4
3 5
3 4
5 4
3 2
2 5
4 1
5 3
3 4
3 2
1 3
2 4
2 3
4 3
4 5
5 3
4 5
2 5
5 1
5 4
2 4
4 1
4 1
4 3
2 3
4 5
1 2
5 4
1 4
3 4
2 5
5 1
3 4
1 3
5 2
1 5
1 2
5 1
4 5
1 5
1 4
3 1
3 4
2 5
2 5
4 3
4 2
1 4
1 3
3 1
2 5
5 3
2 5
5 1
4 2
2 3
5 1
3 2
3 5
1 3
1 3
3 5
2 4
4 3
2 1
3 4
1 3
2 4
4 2
5 4
3 5
2 1
5 2
1 5
3 1
1 2
3 1
2 1
1 5
2 5
4 3
3 4
2 3
1 3
2 5
3 4
5 1
2 4
5 4
3 2
4 1
1 4
3 2
1 3
3 4
3 1
3 1
4 2
4 3
5 3
2 5
3 4
5 1
2 5
2 3
3 4
4 1
2 4
4 5
3 2
1 5
2 5
1 5
1 4
4 3
5 4
2 3
4 3
2 3
3 1
5 1
5 2
4 1
2 4
2 5
2 4
3 2
2 3
2 1
5 2
1 2
3 2
3 4
2 3
4 5
3 4
4 2
1 3
4 5
4 2
1 3
2 3
5 2
3 5
4 1
1 4
5 2
4 5
1 5
3 4
2 1
5 1
1 4
1 3
2 3
5 2
4 1
5 4
3 1
1 3
5 2
3 1
1 3
5 1
1 4