340 340
226 210
210 109
109 290
290 232
232 102
102 113
113 94
94 74
74 340
340 249
249 333
333 151
151 119
119 107
107 49
49 101
101 288
288 330
330 140
140 312
312 8
8 75
75 245
245 207
207 336
336 214
214 196
196 337
337 293
293 303
303 137
137 167
167 5
5 19
19 209
209 52
52 237
237 291
291 14
14 243
243 141
141 71
71 106
106 18
18 57
57 317
317 223
223 120
120 301
301 234
234 27
27 327
327 318
318 87
87 47
47 313
313 172
172 117
117 275
275 186
186 6
6 153
153 55
55 323
323 46
46 229
229 277
277 131
131 300
300 44
44 25
25 171
171 154
154 305
305 217
217 267
267 144
144 261
261 41
41 252
252 155
155 197
197 309
309 23
23 147
147 181
181 92
92 162
162 42
42 161
161 82
82 269
269 66
66 198
198 103
103 268
268 266
266 2
2 332
332 283
283 93
93 174
174 246
246 145
145 212
212 152
152 273
273 259
259 122
122 67
67 258
258 308
308 338
338 194
194 238
238 142
142 58
58 208
208 231
231 168
168 182
182 183
183 322
322 139
139 270
270 315
315 180
180 99
99 175
175 77
77 7
7 297
297 63
63 105
105 285
285 134
134 295
295 239
239 170
170 203
203 156
156 88
88 10
10 228
228 328
328 89
89 281
281 200
200 148
148 173
173 51
51 150
150 78
78 108
108 22
22 29
29 242
242 95
95 146
146 326
326 241
241 192
192 61
61 298
298 177
177 262
262 159
159 302
302 76
76 34
34 128
128 53
53 164
164 30
30 84
84 251
251 263
263 191
191 185
185 114
114 202
202 28
28 4
4 274
274 184
184 284
284 222
222 123
123 100
100 35
35 286
286 250
250 299
299 324
324 195
195 65
65 20
20 37
37 60
60 160
160 271
271 56
56 294
294 316
316 279
279 225
225 72
72 165
165 16
16 1
1 90
90 233
233 193
193 221
221 304
304 80
80 126
126 3
3 138
138 79
79 127
127 215
215 70
70 97
97 244
244 335
335 216
216 320
320 111
111 62
62 13
13 253
253 15
15 132
132 248
248 36
36 17
17 64
64 292
292 43
43 59
59 133
133 121
121 236
236 319
319 73
73 129
129 289
289 39
39 130
130 306
306 260
260 247
247 254
254 321
321 213
213 11
11 255
255 296
296 190
190 310
310 110
110 143
143 278
278 136
136 38
38 21
21 104
104 83
83 112
112 282
282 224
224 12
12 206
206 240
240 272
272 169
169 189
189 188
188 124
124 48
48 230
230 235
235 116
116 280
280 9
9 256
256 157
157 276
276 118
118 311
311 257
257 125
125 176
176 45
45 325
325 204
204 69
69 91
91 158
158 329
329 86
86 211
211 50
50 24
24 219
219 314
314 85
85 68
68 187
187 201
201 199
199 334
334 178
178 163
163 331
331 40
40 31
31 265
265 166
166 33
33 339
339 96
96 98
98 179
179 81
81 32
32 287
287 149
149 218
218 26
26 135
135 264
264 307
307 115
115 220
220 205
205 227
227 54
54 226
127
125 2
35 42
82 103
31 15
74 92
87 116
85 81
98 85
15 26
17 15
76 33
55 116
125 3
43 80
122 112
9 74
7 19
16 1
3 27
71 44
102 41
23 46
102 71
101 123
101 18
44 127
126 127
50 81
58 89
14 95
87 124
21 74
72 108
102 80
105 111
14 47
47 99
34 102
74 49
39 14
104 64
120 27
40 63
23 2
85 96
104 61
27 11
96 86
110 98
70 11
50 87
88 2
38 83
110 48
16 52
112 22
119 4
118 58
5 27
16 122
112 75
62 126
127 23
45 36
31 44
92 43
49 46
126 101
55 35
17 29
9 34
42 51
33 3
62 45
6 93
80 19
11 81
5 39
54 91
106 4
7 56
41 25
68 73
19 39
92 24
109 25
103 39
19 103
70 19
109 29
15 69
107 49
39 17
24 55
14 121
95 96
120 21
97 77
43 120
69 3
34 47
90 81
119 6
67 114
92 55
48 81
33 110
54 123
13 15
112 100
28 89
63 40
97 89
124 28
52 71
86 32
120 20
89 123
94 68
93 71
53 80
5 12
26 30
105 112
99 105
127 1
31 6
44 84
5 22
44 26
123 63
88 2
76 112
76 121
71 12
115 48
103 74
39 20
109 102
38 54
109 78
9 47
68 82
73 41
121 119
104 18
104 112
26 38
100 125
76 28
51 8
120 43
95 90
48 35
41 46
104 52
126 57
32 84
65 3
115 72
61 6
79 124
27 37
19 103
80 89
24 51
115 108
44 127
119 65
47 120
64 78
28 41
50 104
113 116
44 108
40 10
123 2
101 85
117 85
119 92
84 90
77 88
51 97
21 10
19 10
97 48
29 73
12 91
65 105
112 108
67 71
70 20
38 7
58 46
19 32
38 28
122 117
58 51
55 116
116 30
63 2
75 69
118 86
98 57
30 69
51 62
10 29
4 21
82 12
37 90
26 40
122 64
75 120
67 80
112 50
55 24
124 80
125 119
93 5
66 83
109 101
100 27
76 36
126 103
84 118
105 22
99 25
94 39
73 119
110 78
78 88
111 48
121 92
30 16
75 56
69 57
7 123
102 47
75 44
88 108
12 116
88 71
44 115
16 81
120 46
38 99
109 100
118 29
98 91
96 99
105 92
109 14
76 123
74 118
80 37
69 57
92 113
42 17
105 102
66 69
117 51
109 100
36 82
6 67
35 109
81 120
42 63
36 114
93 59
32 114
6 31
11 48
87 28
56 38
61 38
61 43
20 38
14 58
91 35
26 123
78 21
82 111
114 48
48 59
98 120
29 30
84 60
23 16
23 95
73 37
81 15
74 28
18 43
65 4
79 127
35 126
103 38
115 67
16 5
48 112
104 106
29 91
56 80
118 21
107 32
69 108
9 109
72 107
94 103
16 99
113 94
108 123
30 26
26 122
29 79
30 117
9 127
35 57
86 77
34 8
89 22
124 52
49 43
40 62
119 97
44 122
90 114
85 50
59 73
67 125
114 51
101 12
99 56
61 24
100 54
31 115
36 42
112 6
23 110
65 108