560 560
19 351
351 243
243 281
281 550
550 55
55 109
109 278
278 47
47 369
369 531
531 274
274 265
265 502
502 505
505 469
469 390
390 549
549 206
206 323
323 131
131 192
192 100
100 525
525 49
49 111
111 214
214 22
22 183
183 62
62 284
284 6
6 65
65 496
496 252
252 554
554 467
467 195
195 381
381 315
315 291
291 259
259 95
95 532
532 102
102 217
217 438
438 520
520 76
76 120
120 309
309 385
385 547
547 302
302 222
222 43
43 460
460 121
121 504
504 322
322 272
272 541
541 337
337 506
506 294
294 82
82 482
482 171
171 23
23 128
128 528
528 498
498 347
347 280
280 123
123 11
11 340
340 101
101 454
454 513
513 89
89 468
468 333
333 115
115 304
304 405
405 424
424 35
35 485
485 104
104 61
61 297
297 374
374 456
456 378
378 503
503 556
556 181
181 458
458 313
313 158
158 271
271 389
389 245
245 317
317 494
494 560
560 396
396 308
308 370
370 66
66 427
427 536
536 393
393 416
416 437
437 526
526 406
406 339
339 166
166 558
558 268
268 472
472 18
18 289
289 36
36 211
211 449
449 142
142 543
543 40
40 126
126 7
7 402
402 25
25 434
434 107
107 397
397 497
497 383
383 417
417 334
334 251
251 197
197 545
545 92
92 106
106 429
429 290
290 234
234 253
253 155
155 203
203 12
12 486
486 110
110 237
237 79
79 256
256 398
398 301
301 303
303 379
379 248
248 26
26 174
174 118
118 335
335 409
409 465
465 216
216 353
353 288
288 312
312 44
44 164
164 320
320 401
401 24
24 431
431 83
83 80
80 165
165 58
58 215
215 557
557 254
254 130
130 260
260 451
451 141
141 464
464 151
151 477
477 341
341 488
488 529
529 344
344 483
483 432
432 246
246 184
184 194
194 325
325 321
321 191
191 68
68 113
113 63
63 4
4 229
229 161
161 196
196 527
527 542
542 160
160 480
480 236
236 16
16 157
157 447
447 88
88 204
204 3
3 430
430 273
273 247
247 1
1 153
153 300
300 90
90 415
415 552
552 499
499 318
318 329
329 149
149 209
209 372
372 314
314 292
292 232
232 220
220 93
93 544
544 443
443 238
238 327
327 326
326 86
86 388
388 299
299 266
266 267
267 530
530 356
356 112
112 139
139 293
293 553
553 445
445 145
145 521
521 404
404 517
517 277
277 189
189 200
200 453
453 57
57 148
148 186
186 75
75 479
479 173
173 470
470 127
127 540
540 363
363 207
207 240
240 223
223 224
224 167
167 457
457 41
41 348
348 178
178 231
231 366
366 452
452 150
150 255
255 108
108 508
508 182
182 119
119 179
179 371
371 188
188 336
336 533
533 380
380 391
391 239
239 459
459 475
475 408
408 306
306 233
233 117
117 39
39 386
386 428
428 54
54 491
491 345
345 551
551 269
269 187
187 478
478 519
519 147
147 376
376 444
444 17
17 350
350 462
462 360
360 474
474 133
133 28
28 282
282 534
534 358
358 359
359 98
98 392
392 73
73 510
510 375
375 125
125 146
146 426
426 411
411 249
249 51
51 523
523 212
212 168
168 425
425 555
555 463
463 261
261 199
199 518
518 116
116 342
342 439
439 514
514 310
310 332
332 177
177 295
295 52
52 548
548 418
418 244
244 156
156 539
539 162
162 285
285 219
219 154
154 124
124 481
481 298
298 283
283 501
501 14
14 414
414 490
490 471
471 32
32 407
407 48
48 395
395 509
509 180
180 330
330 103
103 143
143 473
473 81
81 296
296 435
435 135
135 202
202 138
138 420
420 136
136 29
29 152
152 394
394 228
228 85
85 213
213 31
31 250
250 264
264 489
489 535
535 227
227 190
190 94
94 343
343 163
163 175
175 511
511 74
74 287
287 67
67 20
20 2
2 172
172 134
134 129
129 484
484 10
10 122
122 546
546 357
357 56
56 377
377 105
105 87
87 500
500 258
258 137
137 364
364 33
33 21
21 77
77 38
38 305
305 91
91 144
144 461
461 476
476 70
70 235
235 69
69 349
349 218
218 225
225 410
410 538
538 403
403 242
242 355
355 170
170 9
9 413
413 399
399 507
507 319
319 328
328 331
331 493
493 446
446 316
316 270
270 422
422 257
257 208
208 221
221 384
384 45
45 159
159 37
37 400
400 466
466 487
487 226
226 448
448 441
441 78
78 42
42 34
34 185
185 276
276 522
522 361
361 516
516 263
263 205
205 201
201 559
559 71
71 412
412 140
140 338
338 198
198 210
210 97
97 60
60 324
324 524
524 512
512 352
352 279
279 262
262 72
72 13
13 455
455 132
132 440
440 96
96 193
193 311
311 59
59 495
495 241
241 46
46 8
8 365
365 5
5 537
537 64
64 436
436 423
423 307
307 99
99 373
373 169
169 367
367 442
442 53
53 275
275 382
382 492
492 30
30 368
368 15
15 84
84 515
515 286
286 433
433 419
419 346
346 354
354 387
387 114
114 50
50 362
362 450
450 27
27 176
176 230
230 421
421 19
188
120 37
37 91
159 101
88 98
115 12
173 154
39 71
112 142
13 180
37 156
114 65
91 61
157 104
164 132
45 96
16 108
32 86
110 85
41 141
39 152
185 182
147 14
134 145
99 70
78 26
63 85
58 124
175 134
103 101
159 36
27 85
73 10
73 31
179 31
161 53
107 146
109 22
150 7
115 48
170 134
138 42
135 39
171 10
82 57
159 14
56 24
103 83
57 89
76 85
173 35
39 44
55 19
5 15
139 26
142 133
4 71
91 5
28 115
79 36
19 101
152 134
143 111
169 42
104 51
135 136
104 86
137 114
77 180
48 149
173 154
131 39
38 15
80 56
34 140
56 20
138 78
110 165
59 2
153 107
101 175
60 32
73 150
96 48
179 2
55 44
84 99
187 49
85 133
140 115
158 174
26 102
140 22
89 99
52 154
124 158
167 22
117 114
49 80
69 86
95 93
68 171
157 139
92 154
59 133
25 18
34 173
177 104
31 96
16 105
29 163
99 97
172 51
151 108
163 87
55 129
174 78
173 60
184 1
172 57
69 22
22 106
188 80
125 103
175 45
69 82
103 97
117 22
158 64
12 105
104 121
142 150
150 143
33 98
156 165
84 54
72 117
184 170
88 154
51 29
83 111
56 122
79 170
169 111
1 183
109 15
36 72
88 34
22 67
96 168
60 76
100 65
120 161
184 147
1 99
138 81
93 80
88 151
7 134
156 158
18 181
50 56
76 186
22 13
130 177
148 43
132 168
79 141
169 182
21 120
132 181
6 92
83 186
45 76
137 92
106 110
162 103
14 65
49 122
179 2
103 145
63 148
118 57
31 22
47 81
177 102
124 89
32 151
41 142
97 146
121 108
100 16
132 175
172 167
66 40
37 84
146 71
48 131
141 104
136 95
152 106
34 174
13 55
124 28
90 179
117 23
94 58
91 80
82 126
73 69
66 22
134 147
165 12
136 184
17 55
43 93
133 5
16 98
168 79
88 53
85 66
23 46
91 73
55 104
110 30
58 55
125 172
164 98
90 138
129 19
131 60
68 177
111 50
168 134
118 73
109 16
161 63
178 187
29 133
72 170
134 7
134 159
174 85
160 54
45 174
123 155
97 34
129 98
27 19
158 115
88 140
1 38
134 186
7 123
44 45
12 166
112 130
169 158
84 106
41 115
175 121
156 167
168 68
114 175
159 94
136 32
139 40
162 119
64 123
134 94
101 67
57 10
73 10
10 32
21 74
165 125
175 129
4 172
131 39
42 118
163 48
154 105
143 166
149 129
119 184
146 39
123 75
151 180
164 126
32 143
72 94
99 17
12 131
142 96
84 131
117 14
161 29
103 22
119 122
88 30
116 54
163 122
15 86
126 105
63 137
92 169
6 128
23 101
1 161
164 75
143 135
162 132
85 73
122 83
72 57
119 13
32 4
134 108
62 137
96 135
134 9
65 97
167 55
79 59
16 18
61 166
79 157
143 94
59 109
150 84
28 30
8 173
69 24
67 159
128 92
65 45
134 120
121 168
65 138
118 131
146 82
113 80
129 10
22 75
75 105
145 72
118 51
8 103
172 26
120 156
137 28
21 155
180 70
176 145
9 159
43 75
165 166
36 17
50 80
157 113
14 179
108 123
88 68
182 77
75 78
80 52
129 58
128 61
171 112
4 113
7 37
178 123
188 43
116 118
69 93
142 91
75 1
25 55
127 92
104 131
35 112
61 31
102 14
66 159
7 60
184 167
59 143
86 174
143 50
61 92
137 41
65 25
131 113
159 3
185 19
157 178
46 111
187 68
157 121
156 169
143 111
11 128
8 78
116 79
170 50
75 91
9 34
9 55
12 17
69 60
86 66
44 65
108 106
80 146
129 100
83 150
108 184
141 28
14 6
142 51
27 147
188 58
101 51
170 105
185 66
41 153
118 66
46 91
96 69
168 121
34 22
172 64
130 169
167 153
8 9
150 69
47 144
178 43
78 114
123 61
31 168
25 40
3 154
56 92
107 81
182 74
9 110
26 3
7 156
88 58
152 10
135 79
131 145
155 107
81 60
154 187
92 182
146 102
71 11
84 126
54 134
61 167
96 78
33 22
162 40
108 134
130 187
28 12
83 144
13 134
18 164
59 99
131 171
95 61
21 188
158 38
104 118
72 9
115 151
22 37
27 184
138 78
1 13
59 62
78 125
111 57
40 55
50 125
154 139
153 111
76 49
129 37
14 60
16 76
11 160
54 58
59 82
126 167
64 89
54 62
4 168
85 12
69 57
87 180
22 49
174 163
172 134
25 141
56 33
176 79
48 174
9 81
180 84
156 3
77 161
123 24
35 157
57 143
9 77
118 5
66 7
69 40
3 13
75 16
14 111
92 141
33 67
18 178
182 19
59 15
154 163
107 60
17 80
153 131
131 64
116 35
78 42
105 93
177 168
53 46
3 26
71 108
41 92
147 135
186 159
59 81
170 25
127 187
70 53
154 61
56 51
153 59
104 26
142 159
25 147
88 18
51 56
131 113
13 32
104 152
78 58