670 670
302 307
307 202
202 75
75 595
595 621
621 439
439 344
344 239
239 149
149 566
566 438
438 205
205 562
562 377
377 465
465 117
117 60
60 529
529 642
642 516
516 563
563 191
191 411
411 546
546 547
547 663
663 107
107 175
175 424
424 380
380 451
451 467
467 35
35 422
422 308
308 412
412 668
668 387
387 234
234 477
477 298
298 556
556 661
661 133
133 104
104 658
658 466
466 605
605 596
596 192
192 110
110 551
551 462
462 252
252 3
3 553
553 559
559 434
434 170
170 232
232 554
554 669
669 531
531 522
522 42
42 383
383 189
189 379
379 349
349 445
445 468
468 89
89 98
98 207
207 10
10 198
198 55
55 470
470 261
261 494
494 84
84 246
246 628
628 508
508 111
111 573
573 126
126 524
524 358
358 417
417 490
490 220
220 327
327 285
285 350
350 265
265 314
314 219
219 473
473 291
291 312
312 118
118 505
505 633
633 329
329 25
25 254
254 400
400 27
27 268
268 187
187 509
509 436
436 652
652 474
474 305
305 541
541 579
579 507
507 168
168 491
491 201
201 106
106 41
41 670
670 177
177 229
229 459
459 151
151 552
552 483
483 609
609 281
281 255
255 289
289 342
342 369
369 482
482 433
433 382
382 114
114 352
352 631
631 100
100 290
290 278
278 129
129 418
418 534
534 62
62 607
607 11
11 22
22 154
154 374
374 141
141 414
414 362
362 404
404 435
435 227
227 392
392 318
318 188
188 613
613 311
311 95
95 335
335 59
59 121
121 437
437 257
257 251
251 275
275 345
345 425
425 71
71 666
666 13
13 373
373 590
590 480
480 294
294 123
123 421
421 210
210 598
598 56
56 420
420 545
545 242
242 171
171 409
409 536
536 354
354 148
148 43
43 497
497 306
306 82
82 28
28 326
326 606
606 334
334 403
403 31
31 574
574 615
615 427
427 16
16 500
500 320
320 375
375 9
9 397
397 185
185 26
26 230
230 274
274 7
7 416
416 616
616 143
143 68
68 161
161 447
447 296
296 396
396 124
124 455
455 173
173 591
591 608
608 450
450 174
174 496
496 347
347 555
555 39
39 564
564 586
586 260
260 181
181 617
617 584
584 12
12 162
162 270
270 543
543 108
108 405
405 273
273 88
88 21
21 203
203 264
264 237
237 471
471 360
360 322
322 211
211 169
169 578
578 303
303 64
64 267
267 167
167 646
646 339
339 485
485 575
575 195
195 599
599 602
602 330
330 134
134 634
634 292
292 116
116 542
542 256
256 142
142 618
618 316
316 90
90 337
337 321
321 517
517 122
122 393
393 150
150 332
332 406
406 288
288 398
398 119
119 86
86 384
384 179
179 460
460 37
37 367
367 557
557 629
629 353
353 664
664 135
135 402
402 514
514 475
475 120
120 53
53 323
323 18
18 70
70 182
182 206
206 297
297 199
199 645
645 576
576 319
319 139
139 99
99 484
484 413
413 620
620 643
643 113
113 665
665 368
368 193
193 650
650 583
583 186
186 153
153 128
128 351
351 389
389 277
277 440
440 245
245 224
224 388
388 523
523 570
570 93
93 550
550 381
381 488
488 180
180 240
240 286
286 48
48 36
36 19
19 376
376 23
23 361
361 125
125 241
241 428
428 632
632 102
102 94
94 5
5 218
218 627
627 172
172 476
476 282
282 637
637 502
502 452
452 548
548 271
271 101
101 197
197 588
588 130
130 510
510 228
228 532
532 222
222 293
293 165
165 112
112 498
498 194
194 626
626 449
449 444
444 577
577 635
635 614
614 340
340 364
364 72
72 259
259 640
640 226
226 204
204 310
310 604
604 309
309 504
504 489
489 80
80 653
653 221
221 527
527 166
166 395
395 317
317 525
525 47
47 4
4 506
506 520
520 355
355 50
50 97
97 200
200 530
530 346
346 558
558 276
276 263
263 215
215 152
152 77
77 61
61 472
472 662
662 426
426 394
394 54
54 30
30 561
561 515
515 657
657 214
214 454
454 258
258 140
140 537
537 253
253 57
57 464
464 132
132 456
456 619
619 183
183 651
651 592
592 446
446 419
419 410
410 366
366 34
34 569
569 582
582 365
365 656
656 431
431 315
315 540
540 45
45 208
208 176
176 601
601 190
190 539
539 69
69 442
442 238
238 448
448 457
457 295
295 660
660 390
390 386
386 29
29 625
625 357
357 407
407 247
247 458
458 212
212 371
371 535
535 225
225 528
528 518
518 479
479 649
649 213
213 164
164 146
146 430
430 544
544 611
611 304
304 391
391 560
560 313
313 249
249 145
145 266
266 235
235 587
587 481
481 336
336 262
262 324
324 136
136 533
533 511
511 196
196 519
519 92
92 453
453 299
299 44
44 385
385 526
526 32
32 356
356 478
478 216
216 597
597 565
565 24
24 85
85 331
331 655
655 91
91 115
115 178
178 236
236 572
572 17
17 600
600 287
287 641
641 155
155 486
486 66
66 333
333 495
495 581
581 209
209 372
372 40
40 469
469 244
244 623
623 429
429 138
138 300
300 399
399 636
636 549
549 223
223 79
79 284
284 493
493 81
81 250
250 51
51 160
160 301
301 63
63 461
461 567
567 654
654 147
147 279
279 359
359 248
248 503
503 521
521 593
593 272
272 74
74 280
280 644
644 568
568 492
492 622
622 589
589 325
325 184
184 630
630 157
157 8
8 14
14 415
415 217
217 659
659 341
341 370
370 667
667 432
432 612
612 127
127 283
283 137
137 109
109 83
83 512
512 52
52 624
624 580
580 231
231 443
443 233
233 46
46 603
603 343
343 401
401 408
408 594
594 571
571 2
2 463
463 378
378 73
73 76
76 163
163 156
156 96
96 49
49 348
348 1
1 423
423 648
648 647
647 15
15 158
158 487
487 131
131 639
639 87
87 585
585 38
38 159
159 33
33 499
499 328
328 144
144 441
441 65
65 78
78 103
103 243
243 538
538 105
105 501
501 20
20 58
58 513
513 363
363 638
638 610
610 67
67 338
338 269
269 6
6 302
66
55 51
2 23
19 10
12 42
51 15
55 22
53 61
54 55
10 9
61 60
41 12
24 63
66 16
47 8
41 51
27 45
31 14
20 7
47 55
30 29
54 52
35 27
11 35
3 42
59 23
60 5
20 15
28 13
58 15
35 16
51 65
3 42
47 65
36 28
14 1
26 18
1 51
49 61
2 60
47 53
56 62
46 42
5 60
37 12
11 1
22 17
53 29
59 43
54 51
48 17
45 5
48 27
47 21
38 17
34 19
27 3
12 21
16 10
32 1
59 17
13 22
31 5
47 21
23 27
51 23
21 16
4 21
8 44
55 36
56 34
38 12
45 23
4 59
6 19
48 64
50 63
41 9
56 28
50 8
15 12
18 31
23 41
39 33
61 14
11 33
11 14
38 7
4 45
49 40
19 20
17 9
51 59
29 59
15 22
52 61
26 11
16 1
22 65
9 24
21 64
61 23
47 34
33 15
47 36
52 58
28 61
18 17
60 27
43 65
60 5
45 34
49 47
23 21
40 34
44 2
7 62
22 65
30 23
34 3
5 33
10 12
22 25
63 29
28 66
10 54
45 12
6 50
54 58
39 50
19 34
48 34
20 36
11 58
36 4
18 28
9 2
30 23
17 47
9 6
37 51
36 40
53 28
34 51
49 43
39 45
57 51
53 60
14 28
19 48
49 36
51 24
24 37
40 29
46 41
45 2
51 19
44 5
14 5
65 29
29 26
27 58
44 26
39 10
41 61
38 29
10 34
40 39
65 1
52 5
28 22
40 47
49 38
25 49
44 1
33 23
12 2
27 20
4 43
59 40
66 41
13 18
34 18
5 49
47 27
17 39
64 58
34 35
48 30
15 28
59 8
8 56
18 49
4 7
21 7
21 13
65 62
16 11
54 38
64 37
5 23
34 13
62 25
16 34
54 51
55 5
26 7
1 40
50 46
11 14
3 20
52 6
24 66
6 7
42 23
28 63
10 38
14 37
13 60
54 11
43 21
15 38
57 5
24 35
46 12
19 56
58 59
20 44
49 50
27 25
38 24
37 54
8 27
4 50
21 26
41 7
25 52
20 25
10 41
30 39
38 14
50 59
25 60
60 24
57 8
26 34
25 40
22 56
59 23
42 51
63 35
23 45
34 10
61 21
37 7
48 38
20 42
13 2
37 27
28 2
62 8
52 1
4 55
46 1
5 9
62 21
22 63
41 2
28 4
18 27
27 60
21 45
54 57
44 60
47 55
51 25
61 12
57 61
39 1
2 37
42 56
51 47
35 19
25 10
57 12
9 66
30 11
12 40
8 10
65 31
49 28
24 16
63 39
48 66
33 18
6 28
24 38
14 5
27 56
52 8
23 38
36 44
19 9
4 17
11 66
44 5
47 43
66 36
19 55
14 13
34 45
6 3
41 13
45 41
32 62
23 57
2 19
62 8
9 65
6 59
25 21
60 46
60 3
10 19
21 12
54 31
32 55
8 2
37 7
21 37
13 4
52 51
61 23
24 22
62 10
41 37
31 2
10 9
1 42
16 64
20 50
15 6
48 2
27 22
51 6
14 7
45 9
17 55
58 38
16 64
28 60
42 32
15 31
6 9
57 42
12 30
30 15
1 23
14 38
63 54
47 66
8 33
3 30
46 12
27 63
54 55
65 2
1 31
28 61
59 5
48 4
40 64
43 21
45 15
16 64
58 7
2 16
40 44
38 63
10 30
30 27
14 25
59 38
51 37
34 40
9 62
41 27
17 60
59 8
65 4
3 2
14 35
34 12
29 16
2 8
44 30
37 64
52 38
64 15
25 14
18 2
54 3
32 53
18 19
26 34
24 13
30 12
64 5
57 5
54 25
40 29
30 38
8 48
43 14
38 56
61 8
50 6
9 30
46 23
65 34
31 55
52 19
37 34
11 46
63 50
28 29
29 48
3 9
48 26
21 32
6 11
37 39
34 62
12 50
26 27
24 16
2 6
42 55
51 34
40 20
29 35
9 46
49 46
45 66
35 65
47 39
50 44
17 41
9 35
55 48
50 18
6 28
1 31
62 34
11 29
5 49
32 56
58 29
5 61
37 17
43 4
12 10
13 12
9 66
22 50
56 17
57 14
24 25
50 26
47 29
3 24
61 38
5 13
22 51
62 40
66 7
60 2
1 21
61 2
17 48
32 9
18 8
34 10
42 3
6 47
18 14
52 57
55 57
18 44
50 57
12 48
33 24
29 3
4 7
43 37
60 49
26 50
60 25
6 45
48 58
43 13
28 14
13 60
47 2
19 33
19 31
33 32
11 27
49 6
48 53
51 60
6 61
30 20
21 40
34 21
52 39
31 33
36 4
5 44
54 53
29 50
47 7
13 38
10 7
3 21
11 45
51 32
32 34
65 38
23 58
38 32
56 31
7 4
6 16
20 23
43 61
23 25
66 17
3 10
41 20
23 30
49 19
55 33
47 54
29 48
42 25
15 28
3 44
63 22
34 37
3 28
51 37
13 55
58 26
7 11
32 19
43 13
37 18
62 19
13 39
64 39
2 16
4 25
10 65
46 38
52 56
60 14
33 66
38 21
6 22
45 34
8 60
5 44
48 50
6 45
25 30
64 31
4 53
57 53
37 41
46 33
50 59
63 35
13 49
29 60
17 30
30 8
24 12
39 4
35 51
46 48
34 45
66 62
44 25
56 5
18 35
25 36
3 65
43 46
35 22
54 18
26 28
33 37
49 3
20 14
26 65
8 16
61 43
44 15
43 44
51 9
18 7
55 2
2 11
16 9
16 60
22 32
41 25
64 45
13 29
28 55
35 2
22 4
22 37
50 57
6 28
47 38
53 28
12 11
14 27
53 59
19 11
42 57
43 21
38 7
18 31
22 8
33 22
27 37
51 16
20 53
65 23
50 32
61 33
52 38
22 64
11 59
49 27
30 36
45 6
19 1
10 32
42 45
25 41
40 37
65 50
4 18
62 37
23 14
55 18
66 39
8 23
7 39
29 37
65 26
49 2
6 14
57 61
50 20
32 4
19 45