560 560
276 302
302 241
241 168
168 536
536 440
440 277
277 285
285 228
228 294
294 250
250 415
415 514
514 381
381 299
299 346
346 73
73 170
170 249
249 110
110 486
486 470
470 88
88 350
350 539
539 528
528 68
68 253
253 450
450 384
384 337
337 362
362 279
279 34
34 330
330 114
114 439
439 14
14 119
119 246
246 129
129 534
534 500
500 544
544 39
39 151
151 312
312 273
273 351
351 451
451 230
230 455
455 311
311 467
467 217
217 16
16 5
5 137
137 336
336 183
183 15
15 379
379 414
414 191
191 262
262 118
118 542
542 171
171 305
305 98
98 272
272 489
489 437
437 319
319 76
76 8
8 117
117 61
61 100
100 92
92 529
529 374
374 409
409 176
176 116
116 333
333 295
295 530
530 86
86 125
125 245
245 266
266 53
53 368
368 165
165 200
200 212
212 358
358 90
90 55
55 159
159 521
521 549
549 120
120 524
524 513
513 556
556 449
449 469
469 238
238 420
420 160
160 361
361 308
308 154
154 35
35 38
38 490
490 492
492 363
363 80
80 522
522 390
390 109
109 541
541 126
126 240
240 229
229 464
464 546
546 24
24 30
30 22
22 444
444 139
139 140
140 401
401 69
69 341
341 252
252 423
423 214
214 288
288 40
40 388
388 447
447 484
484 491
491 283
283 410
410 113
113 389
389 41
41 525
525 2
2 296
296 148
148 232
232 473
473 506
506 402
402 515
515 254
254 193
193 51
51 59
59 293
293 298
298 162
162 111
111 132
132 497
497 25
25 133
133 122
122 152
152 378
378 178
178 441
441 251
251 560
560 281
281 516
516 218
218 10
10 198
198 458
458 552
552 222
222 27
27 371
371 87
87 394
394 257
257 142
142 505
505 203
203 130
130 147
147 64
64 448
448 213
213 478
478 382
382 267
267 201
201 387
387 475
475 511
511 275
275 498
498 158
158 527
527 56
56 540
540 493
493 399
399 532
532 225
225 223
223 385
385 255
255 84
84 499
499 174
174 179
179 115
115 523
523 396
396 545
545 459
459 282
282 468
468 155
155 46
46 79
79 454
454 531
531 548
548 49
49 42
42 18
18 93
93 367
367 327
327 301
301 127
127 78
78 11
11 397
397 261
261 20
20 332
332 182
182 291
291 510
510 256
256 427
427 329
329 70
70 134
134 91
91 520
520 181
181 172
172 81
81 366
366 216
216 550
550 206
206 265
265 72
72 518
518 260
260 553
553 422
422 62
62 1
1 425
425 50
50 144
144 146
146 207
207 433
433 386
386 264
264 435
435 85
85 314
314 306
306 398
398 487
487 57
57 373
373 434
434 231
231 286
286 284
284 392
392 166
166 149
149 343
343 315
315 104
104 356
356 353
353 418
418 106
106 94
94 335
335 375
375 482
482 369
369 143
143 77
77 372
372 186
186 364
364 204
204 32
32 517
517 196
196 235
235 326
326 187
187 474
474 97
97 313
313 456
456 63
63 445
445 463
463 242
242 290
290 438
438 128
128 413
413 429
429 153
153 29
29 344
344 169
169 307
307 309
309 156
156 462
462 404
404 54
54 292
292 452
452 377
377 65
65 557
557 280
280 136
136 44
44 494
494 321
321 197
197 466
466 503
503 412
412 485
485 479
479 400
400 270
270 359
359 370
370 324
324 426
426 365
365 141
141 543
543 112
112 28
28 317
317 391
391 495
495 82
82 227
227 325
325 443
443 233
233 33
33 471
471 244
244 512
512 323
323 432
432 209
209 175
175 121
121 47
47 237
237 476
476 103
103 417
417 208
208 184
184 3
3 428
428 145
145 17
17 537
537 271
271 465
465 192
192 507
507 45
45 75
75 393
393 304
304 274
274 331
331 124
124 320
320 12
12 535
535 376
376 211
211 167
167 173
173 101
101 355
355 519
519 157
157 406
406 202
202 220
220 477
477 461
461 555
555 322
322 96
96 199
199 419
419 380
380 247
247 360
360 150
150 43
43 48
48 224
224 89
89 7
7 504
504 263
263 339
339 194
194 424
424 558
558 436
436 185
185 287
287 83
83 310
310 21
21 334
334 318
318 408
408 342
342 526
526 405
405 236
236 164
164 248
248 135
135 481
481 316
316 226
226 9
9 161
161 131
131 67
67 258
258 354
354 108
108 328
328 71
71 138
138 508
508 195
195 411
411 297
297 303
303 340
340 547
547 421
421 289
289 60
60 105
105 36
36 554
554 221
221 488
488 442
442 416
416 31
31 6
6 483
483 23
23 383
383 243
243 430
430 19
19 348
348 95
95 102
102 345
345 501
501 538
538 210
210 99
99 66
66 189
189 457
457 472
472 215
215 180
180 502
502 338
338 403
403 533
533 52
52 163
163 58
58 268
268 13
13 205
205 559
559 123
123 407
407 431
431 480
480 190
190 107
107 278
278 446
446 347
347 551
551 4
4 177
177 74
74 460
460 453
453 349
349 496
496 395
395 239
239 259
259 234
234 269
269 509
509 26
26 357
357 352
352 219
219 300
300 188
188 37
37 276
5
3 1
4 3
1 3
5 1
4 2
3 2
5 1
1 5
5 4
2 4
3 4
5 3
4 5
5 4
5 2
2 1
5 4
3 1
3 5
3 4
5 1
4 5
3 2
2 3
2 1
1 5
2 4
1 5
4 5
4 2
1 5
3 1
1 5
3 2
4 2
1 2
5 2
2 3
1 5
2 1
3 1
1 4
4 5
1 3
4 3
3 5
1 4
3 5
3 5
3 5
3 4
5 1
5 3
3 1
3 2
2 4
3 2
4 3
5 3
2 5
2 5
5 2
2 4
2 4
2 5
3 1
2 3
5 1
4 3
3 4
3 2
4 3
2 5
4 1
4 2
1 5
3 4
5 2
5 3
3 5
4 1
3 5
1 5
1 2
1 2
5 3
2 4
5 1
3 1
2 4
1 3
5 1
3 1
3 4
5 4
2 4
2 5
2 1
1 2
5 2
1 4
5 2
5 3
5 1
3 5
1 4
1 5
1 3
3 4
3 5
3 2
5 2
1 3
1 3
3 1
4 5
5 4
5 4
2 1
1 5
2 3
4 5
1 2
3 1
1 4
1 4
1 5
5 1
2 3
5 2
4 3
2 5
2 1
3 1
3 2
3 5
2 1
3 1
4 3
5 3
5 4
2 1
2 3
4 1
2 1
5 3
2 5
3 2
1 2
4 1
3 1
5 1
1 5
5 2
5 3
3 5
1 2
3 1
1 3
1 4
5 3
1 3
5 2
5 2
4 1
3 5
2 4
3 4
1 3
5 1
5 3
5 2
3 4
3 5
2 1
5 1
5 2
5 1
4 2
5 2
2 1
5 4
5 1
5 2
2 1
1 4
5 4
4 3
4 2
1 3
4 5
3 1
4 2
3 4
5 4
2 4
2 5
4 2
3 5
3 1
4 1
5 2
1 3
2 1
3 5
3 5
1 3
2 3
4 3
4 1
2 5
2 3
4 5
1 2
5 3
4 2
4 2
3 1
4 1
5 2
4 3
3 5
4 2
3 4
1 3
4 2
2 3
2 1
4 1
5 3
3 4
1 5
2 4
2 1
4 1
2 3
5 2
2 5
1 3
1 4
5 3
2 4
4 1
4 1
5 4
5 4
5 1
4 2
3 1
1 2
4 3
5 1
1 4
5 3
4 2
4 2
4 2
1 5
3 1
1 5
4 5
2 3
4 1
4 5
4 5
4 2
3 5
5 3
2 4
4 1
4 1
1 5
5 1
1 5
2 4
1 5
2 3
5 2
4 2
3 1
2 1
2 4
3 1
2 5
1 4
5 2
3 4
4 5
3 4
5 2
5 4
1 3
3 5
5 4
4 2
1 3
3 2
4 2
5 2
1 5
1 4
1 3
3 4
4 3
2 5
2 1
3 1
1 4
4 2
5 4
3 1
3 2
1 4
5 4
1 3
4 1
3 4
2 3
5 2
2 4
4 5
5 1
5 2
5 2
1 5
2 5
1 4
5 4
4 2
3 4
5 3
4 1
2 3
1 5
3 5
2 4
2 1
3 5
5 1
5 3
5 3
2 4
1 4
5 1
3 1
2 4
3 5
4 3
5 3
4 2
1 3
5 2
4 2
5 3
4 3
1 2
1 3
4 2
3 4
4 1
5 1
5 4
5 3
3 5
2 4
4 2
4 2
1 3
1 4
1 5
4 1
4 1
5 4
2 4
3 4
5 2
5 2
4 2
2 3
3 2
5 1
2 1
3 1
1 2
1 3
3 1
1 4
5 2
1 3
2 1
4 5
5 4
5 3
3 1
1 5
3 1
2 4
2 5
3 1
2 1
1 5
1 3
1 5
4 3
5 2
5 3
2 5
3 1
3 1
1 2
4 1
4 2
4 3
1 2
5 4
1 5
1 3
3 4
3 1
2 4
4 2
3 1
1 5
2 3
4 5
5 1
3 1
1 5
2 3
3 5
5 3
4 3
5 2
4 1
1 5
1 5
1 3
2 3
2 4
4 1
1 3
1 3
4 1
1 3
2 5
2 1
1 5
1 3
2 4
3 5
3 1
4 1
4 1
2 3
5 3
5 3
5 3
2 1
4 5
2 4
2 5
2 5
4 2
5 2
3 2
5 2
5 4
1 3
2 1
1 2
4 1
2 4
1 2
1 4
4 2
3 5
3 4
5 3
1 4
2 4
5 3
3 5
3 1
5 1
2 5
1 5
5 3
5 4
2 1
5 1
2 5
2 5
3 4
5 3
5 1
3 4
1 2
3 4
4 1
4 1
4 1
1 3
2 4
2 1
5 2
3 4
1 5
4 5
5 4
5 1
4 1
4 3
3 1
4 3
4 3
1 3
4 5
3 5
4 2
1 4
2 3
1 3
5 2
4 1
5 3
4 2
1 5
3 1
3 5
4 1
2 3
5 3
3 1
4 3
5 3
1 2
3 5
4 1
3 5
5 2
5 3
1 3
5 3
4 5
2 3
1 2
2 5
5 3
3 4
2 4
2 4
1 4
4 5
3 5
5 4
4 5
5 1
1 2
5 3
3 1