230 230
131 60
60 93
93 108
108 62
62 10
10 92
92 80
80 171
171 61
61 56
56 46
46 223
223 225
225 189
189 157
157 32
32 9
9 133
133 19
19 25
25 211
211 220
220 199
199 34
34 198
198 180
180 165
165 20
20 213
213 100
100 98
98 87
87 70
70 2
2 38
38 175
175 79
79 55
55 217
217 168
168 149
149 136
136 126
126 134
134 17
17 216
216 23
23 14
14 143
143 75
75 97
97 12
12 107
107 99
99 104
104 177
177 167
167 44
44 43
43 105
105 155
155 129
129 86
86 59
59 132
132 144
144 37
37 13
13 89
89 54
54 111
111 53
53 205
205 48
48 138
138 1
1 3
3 179
179 119
119 204
204 41
41 57
57 109
109 206
206 194
194 197
197 209
209 116
116 7
7 15
15 147
147 219
219 8
8 103
103 218
218 154
154 170
170 201
201 203
203 182
182 36
36 123
123 27
27 192
192 212
212 113
113 150
150 188
188 96
96 114
114 124
124 214
214 208
208 66
66 169
169 156
156 137
137 224
224 141
141 74
74 227
227 200
200 184
184 176
176 187
187 162
162 40
40 5
5 83
83 101
101 30
30 230
230 190
190 183
183 35
35 33
33 122
122 181
181 91
91 21
21 90
90 196
196 128
128 222
222 178
178 106
106 145
145 161
161 159
159 142
142 78
78 174
174 51
51 72
72 52
52 81
81 135
135 45
45 67
67 210
210 195
195 207
207 160
160 39
39 152
152 115
115 76
76 64
64 121
121 118
118 215
215 77
77 102
102 229
229 94
94 228
228 29
29 65
65 110
110 158
158 186
186 185
185 226
226 130
130 69
69 73
73 120
120 163
163 71
71 146
146 166
166 88
88 26
26 11
11 139
139 148
148 164
164 95
95 193
193 49
49 63
63 140
140 42
42 173
173 4
4 18
18 31
31 127
127 151
151 153
153 221
221 191
191 84
84 24
24 47
47 82
82 16
16 58
58 6
6 22
22 172
172 50
50 68
68 85
85 28
28 125
125 202
202 117
117 112
112 131
66
35 11
48 61
32 14
47 12
12 29
21 13
48 16
1 46
36 44
65 19
8 4
11 14
20 53
45 11
63 34
60 35
42 37
55 37
9 26
5 37
65 37
9 63
55 1
12 39
39 47
33 13
48 25
41 21
63 41
10 11
34 15
66 2
37 61
40 17
61 46
38 35
19 54
23 62
30 5
36 9
19 40
28 33
22 1
7 62
14 10
37 51
16 39
14 13
51 25
16 65
54 18
16 37
5 31
36 5
41 21
14 38
48 8
60 33
11 38
28 5
6 26
4 19
33 63
29 5
50 1
11 40
23 31
47 36
2 58
62 22
22 29
47 13
49 23
38 52
20 61
3 10
49 22
65 16
29 3
53 57
39 24
37 41
52 12
11 65
42 20
3 11
12 35
47 6
63 35
1 28
25 38
2 59
58 12
65 59
12 21
60 59
19 48
26 60
1 6
4 31
44 60
12 43
3 53
32 25
34 35
51 24
62 51
23 63
16 8
59 29
13 54
66 45
44 60
24 18
31 50
27 58
23 55
39 56
48 1
3 63
50 30
38 1
42 17
22 44
20 49
3 17
31 9
49 23
28 18
12 60
35 15
13 56
25 17
18 12
47 39
17 30
3 16
16 36
60 51
66 5
66 42
5 26
18 23
31 6
54 56
50 36
35 43
31 36
28 31
46 49
11 62
42 24
40 26
58 63
1 53
52 54
21 27
38 50
23 48
58 63
23 9
29 45
23 25
6 20
44 11
36 8
51 1
65 4
64 27
3 27
64 14
60 53
50 63
56 34
18 32
26 50
19 59
60 34
63 11
23 32
38 22
43 2
24 9
11 13
56 41
55 38
45 8
48 2
30 13
2 13
53 28
38 57
56 1
56 25
50 54
11 23
18 4
9 31
17 14
13 19
30 23
30 49
38 66
32 3
29 19
8 63
1 46
2 8
33 26
45 19
41 26
54 66
52 66
27 50
63 31
57 9
63 47
25 57
61 63
56 41
1 40
8 20
52 42
49 2
31 25
52 29
36 40
52 30
65 19
19 8