120 120
48 109
109 111
111 120
120 27
27 55
55 67
67 41
41 62
62 70
70 69
69 7
7 52
52 95
95 84
84 59
59 21
21 63
63 103
103 76
76 60
60 57
57 92
92 12
12 68
68 73
73 116
116 77
77 4
4 58
58 26
26 39
39 1
1 14
14 44
44 16
16 80
80 45
45 22
22 105
105 93
93 29
29 96
96 30
30 56
56 107
107 89
89 50
50 99
99 115
115 36
36 28
28 23
23 71
71 64
64 78
78 24
24 110
110 20
20 8
8 74
74 32
32 38
38 25
25 83
83 94
94 9
9 10
10 85
85 43
43 118
118 19
19 35
35 40
40 86
86 13
13 37
37 79
79 42
42 101
101 31
31 112
112 5
5 100
100 72
72 34
34 61
61 91
91 18
18 51
51 117
117 46
46 119
119 6
6 47
47 102
102 15
15 113
113 108
108 53
53 88
88 104
104 11
11 106
106 33
33 97
97 2
2 114
114 17
17 87
87 49
49 90
90 81
81 98
98 54
54 65
65 3
3 66
66 75
75 82
82 48
188
156 95
178 116
187 25
10 175
22 59
48 95
22 17
45 66
140 164
83 130
175 186
52 43
71 36
128 61
119 24
114 131
165 106
149 16
46 8
70 37
137 128
15 74
145 156
143 27
186 185
17 154
32 182
74 177
13 83
58 188
72 50
12 117
119 9
35 143
114 110
39 41
93 104
158 49
179 52
166 37
56 14
28 73
174 59
62 124
108 9
165 25
180 174
43 45
124 146
149 123
178 94
173 84
58 63
76 178
82 65
31 66
43 20
12 89
110 63
180 65
186 41
105 99
183 121
120 67
135 124
148 171
172 121
88 173
51 44
183 84
51 188
7 132
61 102
73 90
30 47
49 109
181 187
48 132
39 108
122 27
72 126
110 175
8 92
9 21
158 121
63 152
38 147
27 46
66 117
100 145
60 134
20 90
59 5
123 172
100 39
167 65
109 51
165 127
58 108
181 91
170 108
68 95
57 104
57 164
164 111
84 124
15 156
159 83
43 152
142 93
79 67
110 127
68 161
137 185
53 127
63 21
162 123
92 110
162 156
183 65