890 890
219 332
332 502
502 82
82 562
562 643
643 439
439 779
779 116
116 226
226 585
585 51
51 858
858 323
323 614
614 380
380 329
329 182
182 195
195 488
488 853
853 438
438 66
66 194
194 84
84 242
242 642
642 702
702 446
446 610
610 310
310 224
224 295
295 254
254 190
190 90
90 714
714 832
832 155
155 592
592 253
253 550
550 512
512 519
519 489
489 820
820 102
102 206
206 215
215 876
876 694
694 844
844 47
47 81
81 337
337 828
828 888
888 252
252 11
11 827
827 263
263 801
801 262
262 184
184 493
493 881
881 172
172 588
588 143
143 570
570 625
625 65
65 28
28 361
361 339
339 678
678 871
871 273
273 854
854 390
390 833
833 433
433 594
594 756
756 422
422 748
748 757
757 378
378 69
69 343
343 684
684 278
278 207
207 457
457 542
542 216
216 890
890 355
355 322
322 826
826 665
665 799
799 86
86 282
282 636
636 359
359 454
454 70
70 843
843 176
176 571
571 61
61 307
307 147
147 737
737 447
447 561
561 632
632 99
99 455
455 290
290 857
857 52
52 10
10 815
815 303
303 157
157 666
666 624
624 160
160 154
154 171
171 867
867 397
397 35
35 210
210 203
203 847
847 119
119 872
872 85
85 732
732 89
89 807
807 181
181 1
1 128
128 861
861 686
686 765
765 579
579 179
179 628
628 569
569 18
18 188
188 261
261 50
50 435
435 515
515 153
153 416
416 88
88 720
720 547
547 787
787 758
758 320
320 165
165 104
104 46
46 775
775 496
496 763
763 236
236 635
635 558
558 223
223 754
754 697
697 412
412 121
121 331
331 725
725 145
145 149
149 670
670 238
238 161
161 193
193 142
142 458
458 336
336 197
197 541
541 204
204 291
291 576
576 466
466 627
627 626
626 870
870 449
449 789
789 308
308 540
540 475
475 96
96 616
616 386
386 14
14 360
360 523
523 127
127 577
577 357
357 472
472 486
486 805
805 688
688 648
648 333
333 803
803 529
529 5
5 111
111 340
340 170
170 536
536 644
644 689
689 886
886 864
864 608
608 235
235 646
646 713
713 722
722 581
581 289
289 708
708 363
363 419
419 406
406 830
830 560
560 603
603 371
371 260
260 597
597 251
251 227
227 456
456 67
67 514
514 150
150 370
370 762
762 19
19 575
575 578
578 638
638 691
691 797
797 609
609 659
659 382
382 710
710 275
275 524
524 650
650 521
521 729
729 690
690 444
444 634
634 241
241 57
57 372
372 185
185 32
32 48
48 753
753 819
819 679
679 711
711 884
884 745
745 573
573 734
734 213
213 771
771 823
823 136
136 776
776 315
315 346
346 735
735 383
383 437
437 802
802 817
817 461
461 436
436 873
873 71
71 746
746 770
770 269
269 381
381 293
293 557
557 641
641 452
452 53
53 107
107 426
426 168
168 130
130 280
280 124
124 637
637 487
487 22
22 63
63 54
54 869
869 516
516 45
45 538
538 533
533 879
879 723
723 140
140 518
518 234
234 774
774 882
882 247
247 599
599 112
112 546
546 821
821 818
818 669
669 865
865 43
43 78
78 180
180 831
831 606
606 769
769 534
534 448
448 551
551 233
233 761
761 726
726 328
328 23
23 539
539 338
338 348
348 780
780 848
848 344
344 327
327 530
530 680
680 520
520 42
42 277
277 296
296 604
604 243
243 620
620 851
851 298
298 231
231 368
368 354
354 760
760 668
668 738
738 365
365 453
453 375
375 258
258 564
564 189
189 490
490 304
304 759
759 196
196 619
619 92
92 187
187 462
462 465
465 704
704 717
717 374
374 113
113 621
621 294
294 79
79 509
509 108
108 613
613 772
772 845
845 495
495 651
651 283
283 842
842 205
205 749
749 429
429 785
785 687
687 222
222 25
25 217
217 270
270 109
109 8
8 274
274 693
693 715
715 377
377 33
33 532
532 178
178 468
468 484
484 284
284 384
384 73
73 244
244 640
640 478
478 299
299 395
395 396
396 583
583 747
747 103
103 169
169 353
353 508
508 49
49 410
410 427
427 837
837 174
174 880
880 173
173 791
791 795
795 792
792 272
272 385
385 719
719 256
256 683
683 875
875 358
358 341
341 545
545 595
595 699
699 887
887 477
477 201
201 600
600 59
59 656
656 525
525 497
497 2
2 677
677 501
501 229
229 83
83 76
76 724
724 662
662 137
137 721
721 773
773 297
297 559
559 40
40 568
568 467
467 591
591 246
246 271
271 647
647 177
177 259
259 30
30 459
459 730
730 751
751 582
582 849
849 120
120 781
781 106
106 4
4 587
587 94
94 350
350 192
192 335
335 543
543 93
93 423
423 141
141 649
649 825
825 744
744 481
481 267
267 306
306 878
878 552
552 364
364 580
580 405
405 783
783 473
473 309
309 123
123 77
77 301
301 257
257 777
777 491
491 167
167 122
122 742
742 766
766 415
415 100
100 398
398 228
228 767
767 617
617 27
27 131
131 12
12 612
612 362
362 164
164 829
829 548
548 701
701 431
431 657
657 566
566 430
430 674
674 404
404 703
703 209
209 414
414 44
44 198
198 655
655 672
672 132
132 499
499 117
117 531
531 450
450 225
225 804
804 544
544 287
287 91
91 151
151 402
402 618
618 733
733 622
622 319
319 125
125 494
494 97
97 98
98 631
631 162
162 264
264 266
266 471
471 445
445 321
321 476
476 441
441 584
584 673
673 630
630 593
593 311
311 698
698 191
191 305
305 200
200 474
474 237
237 432
432 148
148 407
407 811
811 21
21 840
840 513
513 20
20 846
846 286
286 239
239 379
379 526
526 728
728 276
276 739
739 782
782 434
434 312
312 212
212 503
503 824
824 425
425 17
17 784
784 373
373 750
750 601
601 424
424 464
464 483
483 68
68 87
87 342
342 602
602 420
420 115
115 105
105 463
463 877
877 788
788 798
798 279
279 889
889 623
623 72
72 556
556 707
707 56
56 596
596 511
511 755
755 388
388 317
317 240
240 166
166 7
7 567
567 808
808 152
152 245
245 685
685 211
211 144
144 300
300 537
537 859
859 660
660 15
15 663
663 654
654 232
232 793
793 392
392 470
470 852
852 387
387 369
369 586
586 64
64 863
863 158
158 822
822 55
55 146
146 498
498 391
391 31
31 752
752 60
60 652
652 268
268 440
440 705
705 796
796 401
401 862
862 676
676 500
500 850
850 565
565 639
639 835
835 29
29 838
838 411
411 3
3 572
572 325
325 400
400 667
667 389
389 16
16 800
800 281
281 156
156 522
522 221
221 314
314 834
834 408
408 159
159 250
250 658
658 469
469 255
255 351
351 356
356 574
574 598
598 265
265 682
682 135
135 611
611 58
58 741
741 718
718 26
26 590
590 134
134 778
778 645
645 555
555 883
883 199
199 285
285 313
313 114
114 675
675 6
6 535
535 460
460 417
417 288
288 671
671 376
376 62
62 393
393 34
34 139
139 806
806 302
302 681
681 394
394 316
316 129
129 482
482 218
218 696
696 101
101 443
443 692
692 326
326 554
554 706
706 230
230 451
451 479
479 352
352 589
589 38
38 731
731 413
413 183
183 292
292 874
874 885
885 442
442 13
13 736
736 334
334 549
549 249
249 661
661 349
349 695
695 110
110 214
214 816
816 133
133 841
841 712
712 330
330 208
208 809
809 855
855 528
528 409
409 633
633 41
41 80
80 810
810 399
399 553
553 510
510 403
403 790
790 839
839 36
36 629
629 506
506 248
248 126
126 527
527 163
163 175
175 505
505 836
836 138
138 605
605 37
37 324
324 492
492 563
563 202
202 95
95 700
700 186
186 716
716 607
607 764
764 418
418 318
318 428
428 812
812 653
653 786
786 504
504 794
794 664
664 860
860 507
507 75
75 9
9 814
814 220
220 118
118 347
347 740
740 868
868 615
615 345
345 485
485 74
74 856
856 517
517 421
421 39
39 367
367 727
727 366
366 768
768 709
709 813
813 743
743 866
866 480
480 24
24 219
127
50 70
7 114
31 22
76 74
20 122
81 22
2 100
81 8
67 47
66 107
87 30
115 71
96 64
90 10
63 108
49 40
18 6
101 42
123 15
35 125
72 105
73 76
58 122
28 113
99 4
62 65
10 73
78 115
53 87
84 43
111 88
89 57
11 47
43 92
107 1
84 111
35 91
22 31
57 29
122 127
114 125
104 62
24 121
2 38
69 74
94 35
103 126
29 92
52 34
13 99
24 58
81 7
74 69
24 112
24 108
56 123
63 21
66 80
19 119
109 82
6 72
26 96
39 59
22 13
78 11
58 18
105 8
86 49
19 125
116 71
99 116
13 52
6 25
101 87
50 124
59 20
29 118
10 9
78 110
119 29
12 35
28 67
4 23
87 78
11 13
113 60
13 63
115 75
13 90
65 123
59 99
84 108
17 90
123 66
22 37
93 36
95 72
24 28
56 14
56 33
52 58
114 123
43 119
61 120
16 6
60 88
125 45
96 105
63 68
81 31
40 55
126 6
79 55
1 32
65 40
5 31
6 39
36 19
86 106
96 51
14 17
81 13
33 102
116 95
37 13
58 112
32 107
8 60
36 38
54 81
82 104
78 13
51 81
60 99
101 117
46 75
38 71
103 75
45 102
65 83
40 119
80 45
100 5
104 109
29 103
12 6
56 111
88 45
105 98
79 39
54 76
45 54
38 53
47 55
21 108
82 119
98 31
122 10
22 31
118 91
34 77
121 78
37 35
114 26
20 37
25 113
31 43
8 3
19 31
16 15
65 60
61 123
38 56
79 72
80 115
101 6
96 106
49 52
71 45
121 43
72 59
102 52
39 10
119 19
32 71
75 44
84 55
75 114
5 101
34 95
29 98
87 13
83 70
36 12
9 119
100 46
77 72
1 38
50 82
92 59
57 111
99 118
16 83
51 89
5 14
94 95
18 87
110 31
7 3
64 48
70 19
79 48
57 89
45 123
84 3
7 89
118 93
97 125
72 74
6 60
74 68
115 38
123 84
40 100
97 111
64 63
70 58
123 7
123 84
104 97
1 58
36 48
111 52
55 112
13 37
71 21
6 57
19 47
113 60
100 48
80 40
49 93
93 37
83 126
43 41
27 32
127 80
114 55
32 20
101 100
70 32
67 114
96 73
21 13
28 36
110 68
18 46
83 98
82 105
111 126
48 93
121 71
82 122
23 30
122 112
7 89
10 12
104 11
92 85
7 5
110 58
81 67
74 66
53 33
36 57
8 117
21 121
65 14
41 91
35 36
89 9
121 53
91 40
121 12
88 2
100 107
116 22
28 86
48 17
110 4
87 120
123 67
126 45
49 125
123 102
65 56
39 13
93 63
121 119
83 93
68 51
118 7
62 2
45 20
63 25
95 38
118 46
56 120
3 47
116 89
115 87
125 75
13 82
118 100
4 98
51 124
45 122
58 93
71 53
110 36
62 57
75 117
85 12
101 1
55 108
118 13
97 67
58 100
58 112
68 72
126 62
3 75
21 99
64 86
87 17
24 65
64 57
115 50
67 36
81 11
106 50
96 36
56 93
127 25
118 27
62 67
26 98
107 65
115 86
2 105
50 19
55 113
48 127
123 62
29 109
117 37
113 39
91 37
84 55
44 106
125 61
38 93
94 72
86 40
104 17
126 52
81 115
88 91
65 69
6 71
96 103
81 99
31 100
13 47
75 5
13 39
112 31
115 13
86 4
96 95
89 81
2 120
55 32
77 22
30 87
7 54
39 120
38 10
77 85
53 73
123 127
27 23
114 15
20 93
92 32
82 79
76 112
94 34
38 61
110 56
97 56
70 41
27 86
107 20
69 33
49 20
64 27
98 116
124 103
6 87
81 61
126 76
33 78
110 12
61 44
65 96
88 15
1 98
16 66
95 50
30 62
16 41
5 82
121 26
126 32
85 127
41 8
76 121
49 57
96 111
122 127
72 126
82 46
87 49
67 93
12 125
25 109
106 127
50 69
36 51
100 35
112 12
83 111
39 123
58 122
89 101
36 80
48 118
111 7
92 48
46 62
64 14
75 52
79 10
8 2
38 31
69 119
58 80
14 88
47 91
42 88
12 110
119 92
64 23
113 43
124 34
42 73
35 36
49 85
126 105
23 8
24 69
123 17
1 110
122 70
70 37
76 63
9 22
60 67
54 101
65 25
96 53
42 45
77 27
105 108
20 36
45 52
78 14
106 62
104 75
69 4
43 13
124 64
14 73
27 50
40 110
92 102
117 30
20 13
1 120
57 116
106 64
11 118
109 32
122 61
47 26
23 51
93 97
103 77
66 115
85 126
17 87
40 86
21 10
100 94
122 58
58 115
93 87
42 30
123 117
67 15
85 102
62 4
31 102
44 57
23 25
32 31
121 102
46 110
107 45
27 112
81 76
17 50
7 9
44 98
124 111
54 76
121 15
38 30
96 39
15 119
13 20
65 77
114 12
70 106
99 8
101 18
34 18
108 13
2 104
110 114
103 119
93 3
109 82
2 123
110 24
126 123
95 44
55 63
76 75
41 71
83 113
66 87
95 17
115 76
70 47
100 61
84 23
36 123
17 118
27 108
57 84
30 77
44 10
40 71
56 97
66 83
50 2
114 76
24 52
56 100
27 78
77 78
48 118
88 30
64 3
43 12
87 113
39 40
64 40
8 66
108 27
52 46
30 17
82 70
86 6
21 92
10 24
50 46
78 94
108 26
26 13
54 75
100 85
94 97
8 111
25 99
111 65
88 54
102 16
14 21
6 70
49 51
112 115
32 63
112 41
12 5
97 36
108 65
48 117
29 27
102 119
35 109
68 86
55 16
30 69
3 37
26 102
85 59
28 84
84 110
26 51
22 86
68 3
56 60
64 69
103 109
108 41
94 6
28 98
95 122
12 51
105 125
114 45
36 67
47 74
19 68
6 87
50 101
116 23
28 16
90 29
27 94
7 42
15 73
105 75
106 87
55 106
68 48
127 107
80 73
21 38
95 123
46 83
3 25
122 37
117 20
119 104
68 98
126 61
77 100
50 81
3 87
8 95
95 4
69 92
95 110
48 42
14 74
107 16
16 105
8 115
21 81
51 10
124 64
1 22
116 117
3 53
59 123
97 116
85 26
69 29
49 89
59 24
20 102
80 72
86 89
91 41
60 33
7 122
118 69
60 65
28 116
8 110
99 33
20 59
106 82
79 42
32 75
19 24
79 107
29 6
64 18
107 27
6 48
79 89
95 32
48 9
42 20
77 68
71 51
35 67
117 51
11 93
20 97
29 43
52 13
97 57
19 7
114 98
61 18
120 107
37 89
25 26
9 124
104 19
47 82
61 35
88 61
50 87
99 108
75 78
60 99
40 111
100 80
118 3
18 15
122 62
101 99
107 49
8 86
76 112
72 93
75 97
50 99
92 4
90 11
76 36
21 91
77 10
67 99
100 9
40 98
94 70
55 105
12 114
40 33
80 124
25 62
57 65
32 74
124 10
29 63
100 103
107 73
13 58
99 53
33 61
77 70
9 74
127 16
22 37
9 32
53 39
99 44
83 36
125 62
121 52
106 89
15 6
26 32
44 92
71 59
82 34
11 127
101 126
1 66
3 73
36 30
34 105
57 126
92 97
58 15
101 92
105 117
119 31
99 125
118 75
41 83
2 8
23 47
58 35
117 28
32 56
9 92
62 117
31 60
82 20
22 108
17 32
3 60
91 102
123 26
28 6
93 84
39 73
122 86
121 123
105 30
118 4
16 87
2 105
4 125
107 46
70 32
26 17
56 113
103 15
22 104
40 99
56 102
51 74
22 8
112 52
40 62
18 109
104 44
106 73
127 67
53 115
100 8
52 54
42 98
19 43
108 3
6 17
28 17
8 111
84 93
111 78
91 14
99 123
111 33
98 103
63 6
62 104
103 40
104 11
109 78
102 99
78 29
69 18
2 23
42 120
62 74
76 2
123 46
60 37
98 87
114 67
106 31
70 50
113 68
32 51
103 73
121 27
17 46
57 33
104 65
80 3