340 340
65 66
66 69
69 224
224 170
170 55
55 276
276 295
295 136
136 8
8 116
116 130
130 105
105 268
268 122
122 210
210 35
35 340
340 223
223 110
110 300
300 108
108 76
76 255
255 125
125 332
332 135
135 260
260 235
235 184
184 266
266 148
148 67
67 43
43 228
228 32
32 51
51 160
160 48
48 156
156 134
134 68
68 221
221 271
271 230
230 30
30 199
199 214
214 132
132 9
9 158
158 195
195 106
106 174
174 5
5 24
24 288
288 329
329 153
153 138
138 81
81 44
44 319
319 157
157 112
112 306
306 281
281 234
234 129
129 70
70 78
78 71
71 190
190 111
111 92
92 11
11 211
211 152
152 61
61 261
261 119
119 293
293 15
15 186
186 96
96 263
263 197
197 206
206 114
114 208
208 75
75 259
259 242
242 52
52 94
94 321
321 82
82 87
87 62
62 16
16 198
198 312
312 238
238 178
178 149
149 203
203 164
164 191
191 318
318 124
124 90
90 289
289 45
45 1
1 77
77 159
159 240
240 217
217 192
192 237
237 59
59 202
202 2
2 83
83 141
141 236
236 18
18 143
143 14
14 128
128 46
46 22
22 207
207 226
226 168
168 54
54 137
137 29
29 104
104 335
335 142
142 180
180 246
246 233
233 109
109 176
176 331
331 42
42 286
286 173
173 309
309 19
19 307
307 327
327 275
275 323
323 283
283 258
258 26
26 47
47 185
185 299
299 265
265 339
339 146
146 244
244 172
172 74
74 273
273 311
311 7
7 23
23 200
200 171
171 324
324 33
33 58
58 151
151 245
245 20
20 232
232 3
3 133
133 63
63 284
284 204
204 274
274 338
338 296
296 49
49 316
316 102
102 99
99 315
315 73
73 181
181 270
270 298
298 229
229 189
189 57
57 287
287 34
34 196
196 267
267 179
179 314
314 282
282 98
98 182
182 330
330 219
219 290
290 291
291 118
118 131
131 253
253 294
294 140
140 205
205 120
120 39
39 231
231 154
154 317
317 193
193 150
150 115
115 4
4 243
243 326
326 38
38 285
285 302
302 201
201 256
256 145
145 213
213 100
100 220
220 17
17 56
56 21
21 308
308 117
117 36
36 215
215 60
60 169
169 305
305 216
216 194
194 247
247 320
320 337
337 31
31 251
251 322
322 127
127 301
301 277
277 97
97 328
328 95
95 334
334 85
85 13
13 64
64 175
175 313
313 113
113 139
139 225
225 155
155 72
72 272
272 269
269 79
79 336
336 25
25 40
40 241
241 177
177 80
80 144
144 222
222 101
101 264
264 310
310 163
163 93
93 10
10 239
239 218
218 248
248 27
27 6
6 209
209 167
167 188
188 53
53 147
147 292
292 280
280 252
252 50
50 91
91 297
297 28
28 303
303 227
227 166
166 84
84 126
126 12
12 278
278 333
333 88
88 121
121 187
187 161
161 304
304 325
325 249
249 103
103 262
262 257
257 89
89 37
37 162
162 250
250 107
107 183
183 123
123 165
165 212
212 279
279 86
86 41
41 254
254 65
66
11 26
45 37
10 36
6 51
21 7
17 51
14 49
38 21
1 30
5 18
13 35
45 15
13 45
39 30
31 52
22 3
9 30
27 9
57 7
50 2
48 63
25 41
34 63
23 65
48 47
26 51
46 30
23 20
8 36
10 3
46 28
51 16
26 37
25 44
56 45
17 24
40 55
46 11
64 53
22 65
43 3
37 4
13 40
10 28
51 30
60 55
33 44
53 54
47 34
9 47
55 2
65 44
20 10
40 26
55 5
13 54
30 56
48 15
44 58
65 4
45 21
54 56
21 20
51 3
60 52
1 6
19 52
42 53
17 41
59 35
46 22
35 48
44 20
48 46
23 62
48 66
58 14
16 14
20 21
62 9
15 6
12 36
41 36
30 3
45 18
3 49
34 14
30 1
35 31
42 40
21 53
3 4
64 11
8 49
17 18
52 60
1 4
52 5
66 46
27 59
53 48
21 51
64 49
60 64
35 14
30 60
5 45
57 28
44 50
24 38
21 42
45 65
2 19
43 57
38 7
1 21
22 64
50 19
25 4
58 1
48 61
22 4
16 48
48 8
37 57
19 5
3 34
15 58
46 22
40 53
51 45
54 29
63 14
55 4
30 40
34 44
18 7
44 15
51 29
33 23
15 16
39 7
64 19
49 65
50 53
17 7
38 42
10 51
1 47
32 3
44 60
12 48
41 6
48 20
19 42
19 31
27 23
65 63
28 57
59 41
31 40
15 51
1 39
18 36
31 28
36 16
18 28
10 42
41 28
15 35
26 53
31 50
49 42
37 23
12 57
55 37
44 50
46 27
21 60
36 44
38 65
38 13
62 38
50 32
58 48
51 13
56 7
41 53
62 40
47 24
25 61
46 12
34 58
28 6
39 7
28 24
13 11
53 2
36 64
6 42
47 25
36 32
47 30
32 7
57 58
60 29
29 2
4 44
18 3
26 41
47 64
56 10
19 62
2 64
14 30
47 39
59 8
51 64
2 56
39 62
16 1
48 54
56 31
38 13
42 28
59 28
5 17
7 36
38 6
13 51
39 19
13 15
42 17
47 39
52 37
43 28
30 38
25 28
41 54
48 18
15 37
49 44
56 8
55 57
45 42
66 21
10 35
19 51
30 52
60 35
45 29
59 53
29 66
15 57
24 3
10 26
1 57
15 9
14 29
28 48
35 4
16 32
1 49
8 12
65 56
23 19
54 15
65 63
46 43
33 58
63 65
7 26
41 59
23 3
53 37
18 24
4 44
14 44
43 55
26 62
35 11
26 11
65 60
4 22
19 31
66 8
10 1
57 53
62 46
26 59
61 25
58 26
9 32
18 62
36 42
37 38
9 48
26 4
8 28
13 55
65 60
57 40
43 58
46 40
33 23
5 35
20 48
57 15
63 58
62 1
54 10
2 18
38 14
61 50
39 43
30 41
24 9
54 39
64 22
22 66
55 30
29 54
57 16
66 42
46 63
7 54
25 45
44 28
10 28
4 23
30 56
10 43
33 23
25 11
27 13
2 65
10 48
53 64
64 31
34 55