340 340
153 185
185 172
172 278
278 84
84 290
290 69
69 244
244 140
140 5
5 124
124 39
39 246
246 142
142 25
25 88
88 297
297 135
135 281
281 219
219 302
302 237
237 166
166 333
333 83
83 163
163 71
71 128
128 99
99 57
57 332
332 301
301 273
273 24
24 3
3 331
331 304
304 145
145 215
215 143
143 17
17 229
229 191
191 306
306 262
262 284
284 167
167 68
68 65
65 37
37 44
44 127
127 165
165 226
226 2
2 208
208 151
151 325
325 213
213 4
4 161
161 66
66 197
197 19
19 52
52 170
170 292
292 218
218 239
239 21
21 61
61 261
261 55
55 316
316 233
233 303
303 72
72 111
111 217
217 64
64 187
187 268
268 82
82 277
277 122
122 77
77 103
103 12
12 198
198 257
257 56
56 154
154 276
276 289
289 138
138 81
81 340
340 96
96 133
133 227
227 240
240 141
141 249
249 337
337 150
150 51
51 194
194 126
126 252
252 27
27 38
38 242
242 270
270 247
247 282
282 324
324 63
63 287
287 90
90 34
34 180
180 98
98 91
91 100
100 14
14 315
315 146
146 314
314 168
168 89
89 327
327 255
255 176
176 274
274 322
322 97
97 235
235 148
148 189
189 203
203 110
110 195
195 334
334 293
293 177
177 263
263 78
78 113
113 238
238 107
107 328
328 20
20 125
125 192
192 45
45 112
112 245
245 80
80 299
299 54
54 183
183 164
164 253
253 205
205 173
173 160
160 123
123 234
234 116
116 147
147 222
222 11
11 186
186 300
300 188
188 310
310 190
190 114
114 149
149 58
58 256
256 275
275 152
152 319
319 108
108 258
258 134
134 9
9 144
144 120
120 305
305 228
228 41
41 329
329 62
62 295
295 259
259 279
279 224
224 204
204 40
40 47
47 33
33 29
29 171
171 225
225 214
214 10
10 117
117 231
231 130
130 75
75 7
7 6
6 206
206 159
159 132
132 210
210 266
266 105
105 174
174 326
326 101
101 200
200 212
212 265
265 320
320 28
28 338
338 102
102 109
109 106
106 307
307 15
15 43
43 31
31 53
53 207
207 321
321 137
137 104
104 92
92 87
87 196
196 93
93 74
74 182
182 291
291 169
169 30
30 264
264 288
288 129
129 118
118 251
251 199
199 193
193 209
209 162
162 119
119 286
286 178
178 254
254 271
271 86
86 60
60 317
317 85
85 136
136 95
95 248
248 283
283 216
216 220
220 46
46 250
250 211
211 115
115 308
308 298
298 236
236 139
139 48
48 230
230 158
158 223
223 36
36 260
260 8
8 309
309 294
294 312
312 16
16 181
181 201
201 32
32 42
42 241
241 202
202 155
155 76
76 23
23 272
272 339
339 296
296 156
156 232
232 313
313 1
1 70
70 26
26 280
280 131
131 221
221 330
330 94
94 318
318 59
59 323
323 18
18 35
35 269
269 335
335 79
79 22
22 49
49 121
121 184
184 311
311 50
50 243
243 73
73 179
179 267
267 336
336 157
157 175
175 13
13 285
285 67
67 153
188
118 50
75 105
115 184
130 96
23 90
42 5
116 83
53 181
122 20
21 57
98 18
150 132
27 183
186 86
24 155
176 34
68 98
114 164
113 86
7 32
115 36
23 144
184 74
55 52
84 98
117 100
72 144
61 182
25 128
53 102
150 146
187 43
33 9
175 125
150 110
71 168
93 76
35 181
117 137
88 57
106 80
61 15
93 69
108 117
138 162
167 106
67 144
68 2
110 74
142 95
119 178
188 58
28 110
158 90
5 92
36 60
80 169
28 73
152 168
49 157
67 111
172 94
143 102
27 24
32 122
143 82
133 173
23 77
140 142
168 94
141 58
187 95
125 181
15 59
169 87
186 41
148 80
128 71
65 74
43 83
188 60
138 109
41 178
176 163
45 57
163 82
78 57
75 131
10 64
112 50
54 90
71 63
139 165
33 32
78 170
8 47
23 98
176 153
111 67
28 38
55 60
133 117
53 117
124 27
58 176
60 113
85 151
87 97
29 86
94 159
88 34
74 5
69 151
157 175
171 95
33 22
79 137
68 83
175 141
119 94
161 32
152 34
16 132
77 66
10 81
117 143
90 22
110 50
31 185
71 63
172 129
133 160
108 67
85 179
159 134
46 16
82 84
98 58
107 170
115 161
100 187
55 134
9 22
43 13
114 37
51 69
25 176
92 91
41 172
88 12
140 7
150 4
173 91
92 146
35 163
173 19
128 152
116 47
94 104
82 70
131 88
76 129
97 46
127 121
164 94
76 46
51 24
163 104
174 24
81 91
79 17
121 47
188 143
81 71
9 129
161 6
58 161
93 168
123 174
35 64
117 125
38 4
90 86
44 89
162 166
36 78
100 123
145 38
27 145
23 140
156 39
48 93
151 181
9 39
36 65
150 67
105 57
8 18
115 121
174 31
72 73
157 11
3 109
103 23
5 180
141 143
40 59
123 100
74 164
127 156
173 152
17 42
163 70
45 159
146 90
129 76
103 143
142 71
136 43
23 146
153 163
36 122
136 18
22 50
95 139
41 14
133 47
54 159
118 88
28 14
65 55
177 109
8 34
132 183
106 42
91 74
122 73
91 34
180 22
111 174
131 128
33 21
165 74
66 168
87 186
175 112
112 67
102 27
135 185
101 173
2 95
140 13
111 78
163 86
86 157
28 59
6 90
114 94
1 136
20 140
35 168
159 180
120 119
75 160
137 130
34 93
173 138
107 23
51 158
179 186
61 150
138 59
40 41
24 127
166 67
77 173
70 139
36 72
60 187
70 116
84 49
187 155
131 88
160 90
167 19
6 60
145 134
142 113
156 174
50 44
120 111
69 139
181 99
28 173
163 6
126 155
117 15
86 55
141 12
77 29
81 66
178 22
187 120
153 145
120 21
49 178
31 42
101 163
100 61
48 120
129 117
105 113
139 32
32 88
5 65
43 117
171 127
73 103
165 182
181 169
118 57
161 153
133 1
175 147
88 165
61 26
6 161
121 150
88 17
86 92
37 33
89 77
71 133
44 26
155 65
11 140
152 122
150 1
140 25
150 64