120 120
23 54
54 98
98 40
40 80
80 102
102 53
53 36
36 99
99 68
68 86
86 41
41 5
5 118
118 43
43 89
89 62
62 71
71 101
101 88
88 14
14 73
73 28
28 94
94 37
37 111
111 1
1 30
30 6
6 33
33 105
105 83
83 109
109 32
32 103
103 82
82 11
11 56
56 110
110 70
70 22
22 84
84 115
115 87
87 55
55 46
46 78
78 59
59 63
63 90
90 69
69 93
93 95
95 114
114 106
106 3
3 21
21 19
19 60
60 79
79 49
49 18
18 65
65 81
81 113
113 77
77 9
9 24
24 48
48 38
38 47
47 72
72 31
31 85
85 29
29 51
51 120
120 42
42 35
35 97
97 116
116 75
75 58
58 44
44 76
76 4
4 16
16 104
104 107
107 92
92 15
15 61
61 17
17 112
112 74
74 26
26 27
27 117
117 7
7 10
10 25
25 108
108 45
45 13
13 34
34 50
50 119
119 39
39 64
64 8
8 96
96 91
91 67
67 57
57 20
20 100
100 66
66 52
52 12
12 2
2 23
250
246 157
222 83
16 185
180 41
10 156
16 38
23 35
70 88
76 32
212 199
138 2
100 72
222 89
21 84
242 196
1 60
113 41
26 143
72 211
231 97
162 202
88 239
6 111
243 135
81 250
71 72
68 184
246 118
117 119
216 105
85 224
45 146
36 123
112 164
65 105
75 238
116 120
7 133
79 150
128 231
81 176
172 168
19 40
89 57
59 250
203 46
131 144
110 72
11 225
199 216
56 216
50 77
157 172
187 116
9 194
245 188
87 118
249 96
39 102
44 79
204 230
101 224
10 167
161 55
239 1
134 115
76 241
246 19
25 242
196 165
127 92
22 74
77 189
175 215
34 35
208 18
108 75
228 78
2 84
212 28
63 163
121 190
183 96
26 29
82 15
18 60
246 44
136 68
47 223
3 22
140 88
187 215
206 208
27 79
101 83
109 140
185 228
116 25
138 135
243 92
3 169
163 71
191 85
140 110
48 246
240 217
48 216
203 233
189 221
106 133
22 246
157 41
184 206
86 190
184 76
2 199
44 131
38 3
250 228
140 229