120 120
93 87
87 47
47 36
36 25
25 27
27 77
77 105
105 53
53 38
38 48
48 72
72 70
70 120
120 32
32 99
99 30
30 86
86 102
102 31
31 14
14 46
46 110
110 66
66 117
117 1
1 13
13 50
50 58
58 12
12 22
22 95
95 57
57 18
18 44
44 39
39 5
5 49
49 3
3 83
83 10
10 75
75 84
84 59
59 63
63 19
19 106
106 26
26 43
43 2
2 42
42 61
61 91
91 20
20 109
109 45
45 71
71 28
28 35
35 94
94 40
40 68
68 17
17 76
76 4
4 97
97 33
33 54
54 23
23 104
104 65
65 74
74 82
82 112
112 62
62 52
52 21
21 55
55 79
79 41
41 115
115 67
67 64
64 116
116 114
114 88
88 107
107 9
9 78
78 96
96 69
69 118
118 81
81 60
60 92
92 6
6 90
90 113
113 29
29 34
34 108
108 24
24 100
100 56
56 103
103 15
15 51
51 8
8 7
7 16
16 85
85 80
80 119
119 73
73 89
89 98
98 111
111 37
37 101
101 11
11 93
66
41 53
15 62
24 31
22 10
9 45
48 1
12 35
35 18
37 49
23 1
49 36
63 61
20 38
57 7
44 24
40 33
20 66
29 57
62 34
10 5
46 16
21 40
35 64
17 6
8 36
25 53
52 57
17 10
62 24
35 34
37 46
33 45
59 21
54 66
60 48
66 41
39 27
27 2
24 29
50 15
5 16
20 44
6 43
6 51
7 28
49 26
56 61
28 16
61 25
1 45
9 40
26 10
60 53
23 22
2 39
39 54
2 25
40 64
61 41
63 24
43 1
53 10
1 31
7 30
49 59
25 54
15 10
51 21
25 64
17 21
61 9
26 46
52 21
64 66
39 37
39 17
5 54
2 34
52 44
44 26
1 42
43 13
21 42
14 26
6 56
43 29
19 50
59 24
25 12
41 40
11 36
60 9
42 36
12 18
20 44
19 54
5 58
8 9
34 26
49 28
8 22
41 3
61 31
65 28
11 14
10 23
47 64
10 40
58 18
58 47
41 19
25 51
7 42
52 61
28 65
10 35
42 31
6 3
39 58
31 10