450 450
230 270
270 166
166 442
442 172
172 358
358 225
225 83
83 194
194 76
76 385
385 221
221 163
163 140
140 61
61 391
391 135
135 53
53 443
443 428
428 256
256 100
100 175
175 371
371 408
408 151
151 310
310 228
228 388
388 376
376 387
387 322
322 384
384 307
307 138
138 79
79 316
316 64
64 191
191 240
240 297
297 267
267 72
72 342
342 51
51 47
47 121
121 208
208 164
164 359
359 165
165 111
111 265
265 167
167 238
238 337
337 367
367 236
236 380
380 57
57 347
347 229
229 201
201 108
108 148
148 278
278 132
132 169
169 189
189 182
182 54
54 237
237 293
293 137
137 60
60 6
6 115
115 266
266 283
283 40
40 372
372 128
128 212
212 220
220 344
344 112
112 197
197 357
357 405
405 303
303 377
377 397
397 296
296 255
255 395
395 56
56 101
101 323
323 409
409 8
8 126
126 162
162 271
271 131
131 3
3 210
210 98
98 264
264 144
144 432
432 346
346 23
23 12
12 203
203 299
299 248
248 361
361 81
81 396
396 125
125 227
227 389
389 188
188 55
55 77
77 341
341 207
207 315
315 450
450 250
250 427
427 187
187 356
356 425
425 368
368 176
176 177
177 204
204 66
66 161
161 260
260 13
13 429
429 96
96 268
268 82
82 262
262 285
285 211
211 26
26 350
350 87
87 17
17 349
349 185
185 202
202 331
331 117
117 374
374 11
11 247
247 139
139 93
93 21
21 124
124 178
178 190
190 414
414 198
198 332
332 242
242 305
305 4
4 84
84 319
319 147
147 235
235 30
30 399
399 412
412 417
417 434
434 340
340 272
272 304
304 102
102 233
233 379
379 9
9 209
209 263
263 251
251 95
95 122
122 71
71 279
279 129
129 249
249 48
48 288
288 286
286 333
333 435
435 326
326 290
290 360
360 134
134 145
145 421
421 273
273 67
67 406
406 291
291 22
22 277
277 43
43 239
239 254
254 200
200 400
400 441
441 45
45 216
216 159
159 222
222 107
107 170
170 410
410 287
287 324
324 311
311 153
153 42
42 218
218 243
243 302
302 16
16 18
18 196
196 306
306 118
118 116
116 338
338 275
275 179
179 418
418 234
234 431
431 353
353 440
440 246
246 294
294 426
426 215
215 413
413 411
411 300
300 292
292 7
7 407
407 97
97 10
10 152
152 373
373 80
80 28
28 276
276 90
90 192
192 74
74 70
70 150
150 25
25 378
378 355
355 321
321 383
383 183
183 339
339 15
15 318
318 325
325 37
37 142
142 59
59 114
114 180
180 33
33 181
181 219
219 416
416 445
445 301
301 309
309 217
217 20
20 120
120 46
46 362
362 330
330 193
193 206
206 41
41 269
269 75
75 133
133 446
446 184
184 390
390 119
119 274
274 335
335 24
24 110
110 401
401 19
19 49
49 295
295 52
52 366
366 394
394 312
312 14
14 439
439 149
149 430
430 195
195 223
223 68
68 29
29 36
36 171
171 403
403 328
328 329
329 369
369 354
354 160
160 381
381 157
157 78
78 168
168 259
259 402
402 415
415 155
155 27
27 257
257 5
5 224
224 365
365 419
419 141
141 444
444 1
1 63
63 154
154 404
404 146
146 2
2 65
65 35
35 364
364 352
352 258
258 261
261 348
348 449
449 231
231 398
398 226
226 86
86 447
447 420
420 88
88 320
320 252
252 308
308 123
123 32
32 99
99 106
106 58
58 156
156 281
281 50
50 424
424 104
104 334
334 327
327 244
244 173
173 438
438 31
31 370
370 241
241 205
205 448
448 245
245 375
375 393
393 423
423 392
392 143
143 289
289 298
298 38
38 136
136 73
73 103
103 363
363 213
213 62
62 109
109 382
382 437
437 336
336 317
317 174
174 199
199 280
280 351
351 158
158 422
422 232
232 34
34 94
94 313
313 130
130 85
85 113
113 386
386 186
186 39
39 105
105 89
89 282
282 345
345 314
314 433
433 91
91 253
253 343
343 284
284 127
127 436
436 92
92 44
44 69
69 214
214 230
5
1 5
1 2
4 1
4 1
3 1
3 4
2 4
5 2
1 3
1 4
2 4
2 1
4 1
4 5
5 3
5 2
4 2
5 3
2 1
2 5
1 4
5 1
4 2
1 2
3 2
1 4
5 2
3 5
1 2
4 1
1 4
3 2
1 4
2 5
5 1
2 1
4 5
3 4
4 3
1 4
2 3
3 4
4 2
4 3
2 1
1 4
2 5
1 4
2 4
2 1
5 3
3 1
3 4
4 1
3 4
2 4
2 3
5 1
2 5
1 3
1 2
4 2
2 3
2 1
4 2
5 2
3 5
4 5
5 2
1 5
5 2
3 2
5 4
4 2
1 5
1 2
3 1
3 5
2 3
1 4
1 3
5 1
2 4
3 5
4 5
2 5
3 5
2 1
2 1
2 1
3 2
1 4
1 3
5 1
2 3
1 5
1 3
3 5
2 5
5 4
1 3
3 5
3 2
5 3
4 2
2 4
4 2
1 3
2 3
4 1
2 1
4 5
2 1
2 1
2 3
1 2
2 4
2 5
3 4
3 2
2 4
2 3
2 3
5 3
4 1
5 1
2 4
3 2
1 5
1 5
3 2
5 3
5 1
3 2
5 4
1 3
5 4
4 2
4 5
4 3
4 5
2 3
5 1
5 1
2 1
3 5
1 5
1 3
5 2
2 3
4 1
3 4
4 3
5 4
4 1
1 3
1 5
3 2
3 5
2 5
2 5
4 2
5 3
3 5
3 1
1 4
1 5
3 1
4 5
1 3
5 3
3 2
5 3
1 3
2 1
3 5
4 1
5 4
2 5
1 5
5 2
4 5
5 4
3 1
4 2
5 4
5 2
2 4
2 5
4 2
3 1
3 1
2 3
3 5
5 1
1 2
1 5
3 2
3 4
4 1
5 3
1 4
2 5
5 4
3 5
1 4
3 2
2 5
3 1
2 5
5 4
3 1
4 2
2 5
1 2
4 2
1 3
4 1
3 1
4 1
4 1
4 2
5 2
3 5
3 4
2 1
1 5
4 1
1 3
1 4
4 3
2 3
4 2
2 1
4 2
2 5
2 5
3 5
4 5
2 5
4 3
3 4
5 3
2 1
5 4
2 5
4 5
4 5
4 2
3 2
3 1
3 4
1 3
2 5
3 1
4 3
5 4
3 4
2 1
5 2
1 2
4 1
5 1
1 2
3 2
4 2
1 2
3 1
5 2
4 3
2 5
3 4
3 1
5 4
5 3
5 1
5 1
4 2
2 5
3 1
1 2
5 4
2 3
2 3
4 3
4 1
2 3
4 1
3 5
4 5
3 5
2 3
5 1
5 1
3 2
5 1
4 3
2 1
3 5
5 1
1 4
3 2
1 3
4 2
5 3
3 5
1 2
5 4
5 3
2 1
2 4
3 1
5 1
2 5
1 4
1 5
5 2
4 5
2 4
2 4
1 5
5 2
4 2
4 3
3 1
5 3
3 5
5 3
5 4
4 1
3 2
5 2
4 1
5 3
5 2
1 4
4 2
2 4
2 3
3 2
1 2
4 3
2 4
4 1
3 4
4 3
4 1
4 3
3 1
5 2
5 3
1 3
2 4
4 2
2 1
5 2
1 2
5 1
5 4
5 2
4 5
5 3
1 5
2 1
2 4
5 3
3 2
1 4
4 5
3 5
5 4
2 4
2 4
1 5
5 1
4 1
2 5
5 2
1 2
5 3
5 3
4 5
2 5
1 5
2 4
3 1
1 4
3 1
1 4
4 5
2 1
4 1
1 4
3 4
1 5
2 1
2 3
4 3
2 1
1 2
1 5
4 3
4 3
3 2
5 4
2 4
4 2
3 4
2 3
3 5
1 3
4 5
5 4
1 5
3 4
5 1
1 2
4 2
1 4
2 1
5 1
2 3
5 1
2 5
5 2
1 4
5 1
4 3
3 1
3 4
4 5
2 5
5 4
4 2
3 1
5 3
2 3
4 1
3 4
3 5
5 2
2 3
5 2
5 4
2 3
1 2
5 3
5 1
2 4
5 1