340 340
159 215
215 76
76 199
199 213
213 116
116 13
13 311
311 167
167 320
320 300
300 12
12 331
331 158
158 254
254 245
245 316
316 297
297 218
218 105
105 132
132 20
20 283
283 166
166 193
193 18
18 251
251 107
107 80
80 62
62 151
151 26
26 53
53 16
16 234
234 127
127 315
315 240
240 216
216 232
232 197
197 264
264 21
21 289
289 335
335 206
206 84
84 145
145 271
271 17
17 259
259 23
23 250
250 81
81 190
190 86
86 35
35 150
150 318
318 43
43 189
189 104
104 5
5 340
340 134
134 248
248 70
70 133
133 10
10 268
268 61
61 120
120 113
113 310
310 220
220 194
194 279
279 285
285 266
266 204
204 147
147 19
19 156
156 38
38 230
230 36
36 201
201 236
236 128
128 298
298 249
249 327
327 160
160 211
211 221
221 72
72 6
6 170
170 60
60 222
222 22
22 131
131 78
78 324
324 275
275 208
208 88
88 144
144 141
141 154
154 49
49 228
228 191
191 15
15 103
103 313
313 242
242 123
123 175
175 282
282 148
148 301
301 66
66 31
31 152
152 247
247 139
139 187
187 74
74 14
14 40
40 182
182 41
41 67
67 126
126 111
111 260
260 321
321 284
284 237
237 323
323 330
330 44
44 188
188 287
287 171
171 28
28 181
181 180
180 109
109 255
255 161
161 135
135 106
106 121
121 256
256 226
226 157
157 299
299 205
205 95
95 87
87 92
92 65
65 291
291 37
37 69
69 77
77 94
94 24
24 25
25 183
183 4
4 269
269 122
122 58
58 334
334 235
235 339
339 304
304 229
229 30
30 295
295 172
172 68
68 125
125 302
302 27
27 114
114 312
312 274
274 290
290 64
64 202
202 57
57 293
293 288
288 314
314 186
186 303
303 98
98 270
270 54
54 90
90 75
75 155
155 149
149 308
308 63
63 136
136 93
93 32
32 29
29 129
129 91
91 124
124 39
39 47
47 8
8 329
329 169
169 292
292 138
138 246
246 277
277 137
137 263
263 325
325 3
3 273
273 286
286 118
118 184
184 278
278 267
267 224
224 177
177 196
196 96
96 46
46 117
117 238
238 9
9 173
173 112
112 227
227 338
338 262
262 178
178 119
119 317
317 265
265 241
241 162
162 332
332 100
100 82
82 55
55 257
257 99
99 108
108 207
207 252
252 51
51 168
168 34
34 219
219 153
153 50
50 115
115 209
209 2
2 337
337 243
243 163
163 56
56 164
164 140
140 48
48 83
83 97
97 7
7 192
192 225
225 142
142 244
244 165
165 203
203 272
272 195
195 223
223 11
11 326
326 239
239 52
52 214
214 322
322 333
333 73
73 212
212 146
146 198
198 143
143 185
185 179
179 294
294 280
280 281
281 79
79 1
1 71
71 101
101 59
59 130
130 258
258 176
176 233
233 305
305 231
231 276
276 174
174 296
296 42
42 328
328 33
33 89
89 200
200 306
306 309
309 261
261 85
85 319
319 210
210 307
307 102
102 110
110 45
45 253
253 336
336 217
217 159
250
131 119
236 184
49 106
247 51
93 207
110 241
108 189
137 249
136 242
82 55
187 18
136 108
231 60
129 96
233 69
192 205
55 65
161 168
134 73
8 144
90 27
118 64
196 61
131 32
120 146
210 17
38 65
133 235
7 89
128 123
77 88
14 183
229 176
213 25
208 43
12 191
12 78
75 144
205 227
63 152
124 102
247 234
225 149
213 207
45 5
104 37
157 11
155 238
66 147
222 246
219 128
124 176
5 108
131 129
65 122
44 239
218 166
215 10
240 76
106 84
143 247
172 200
60 16
179 195
173 37
236 155
16 64
142 16
232 19
87 138
139 126
196 144
217 78
11 60
235 193
190 236
189 113
203 170
49 133
132 249
20 223
16 231
102 96
31 58
151 134
231 24
157 59
182 99
204 16
150 16
237 151
17 98
15 51
71 70
150 175
60 209
40 20
1 157
26 191
202 211
9 228
43 223
155 114
116 209
100 219
93 181
31 58
168 110
150 77
115 150
47 86
65 204
62 144
5 14
167 2
118 70
250 108
174 117
135 154
128 127
85 77
38 146
206 30
150 20
219 148
237 222
81 31
130 234
166 71
203 146
55 18
190 182
223 136
113 145
28 209
185 181
63 218
175 74
238 225
183 250
247 38
178 99
227 53
139 107
202 240
180 59
26 108
124 43
69 194
53 81
98 31
97 157
220 215
7 64
53 208
146 33
222 180
219 214
39 66
104 209
215 151
184 32
3 143
54 250
236 160
188 128
147 144
115 119
1 71
150 118
143 84
178 193
161 238
154 41
27 145
218 207
92 225
126 215
154 200
63 184
84 87
226 96
185 24
190 150
110 212
63 74
210 12
182 249
205 165
159 165
79 103
57 230
230 48
226 70
159 248
186 105
105 101
153 199
240 38
194 176
181 71
95 10
218 125
63 151
121 206
7 152
72 176
51 22
116 60
162 172
47 78
153 5
174 234
243 80
79 241
3 54
235 223
174 169
217 164
17 250
204 151
207 72
34 112
247 63
58 56
82 84
184 249
236 227
245 136
167 229
100 86
96 213
4 107
155 52
200 203
174 79
137 216
89 133
28 142
103 150
238 115
128 178
119 64
230 224
58 220
219 184
36 151
1 238
89 91
245 23
221 7
134 218
55 170
147 168
13 204
27 221
39 224
133 26
43 2
222 156
80 68
168 211
81 222
181 121
216 135
173 34
118 78
18 211
185 104
217 246
56 41
56 54
165 246
247 52
17 56
104 169
156 98
220 11
122 35
194 184
143 204
70 132
125 77
191 40
37 134
201 175
216 57
103 162
26 212
70 225
66 38
250 86
181 83
129 189
192 19
105 104
36 40
172 80
1 101
50 119
215 102
128 216
218 124
33 190
239 246
115 137
243 104
28 26
60 50
181 114
49 223
93 75
147 50
129 214
138 36
220 196
52 211
178 215
30 12
246 185
192 174
56 142
29 65
237 112
37 99
213 104
90 178
39 173
236 242
21 84
73 10
194 67
167 35
148 187
243 219
200 13
232 125
54 60
26 74
176 138