1000 1000
272 505
505 35
35 413
413 585
585 575
575 746
746 511
511 620
620 669
669 659
659 891
891 455
455 715
715 172
172 482
482 122
122 485
485 242
242 592
592 60
60 360
360 286
286 484
484 221
221 346
346 159
159 757
757 454
454 339
339 881
881 253
253 927
927 498
498 539
539 692
692 548
548 296
296 520
520 922
922 22
22 319
319 445
445 406
406 974
974 312
312 968
968 243
243 768
768 333
333 115
115 570
570 981
981 686
686 448
448 841
841 877
877 726
726 113
113 25
25 324
324 749
749 655
655 103
103 33
33 18
18 278
278 748
748 630
630 471
471 421
421 899
899 824
824 886
886 124
124 226
226 78
78 764
764 139
139 954
954 852
852 460
460 783
783 853
853 945
945 213
213 502
502 176
176 533
533 193
193 549
549 912
912 420
420 273
273 132
132 596
596 89
89 317
317 959
959 452
452 383
383 744
744 42
42 31
31 766
766 717
717 612
612 363
363 574
574 931
931 900
900 568
568 290
290 268
268 716
716 615
615 170
170 184
184 797
797 563
563 292
292 897
897 719
719 531
531 417
417 850
850 396
396 150
150 645
645 791
791 581
581 558
558 823
823 55
55 169
169 38
38 335
335 220
220 534
534 856
856 600
600 700
700 510
510 436
436 845
845 152
152 867
867 120
120 903
903 819
819 182
182 160
160 412
412 267
267 373
373 77
77 832
832 318
318 6
6 439
439 780
780 440
440 291
291 380
380 939
939 257
257 633
633 209
209 80
80 96
96 398
398 690
690 400
400 405
405 393
393 180
180 605
605 696
696 130
130 777
777 248
248 23
23 901
901 506
506 907
907 862
862 762
762 279
279 915
915 269
269 294
294 525
525 65
65 603
603 828
828 817
817 608
608 153
153 769
769 238
238 490
490 721
721 227
227 469
469 356
356 848
848 989
989 118
118 604
604 543
543 161
161 703
703 701
701 245
245 597
597 259
259 27
27 441
441 842
842 2
2 982
982 671
671 591
591 778
778 516
516 236
236 820
820 271
271 456
456 699
699 204
204 545
545 576
576 938
938 287
287 384
384 709
709 795
795 328
328 192
192 391
391 202
202 837
837 800
800 755
755 142
142 722
722 265
265 32
32 535
535 74
74 299
299 186
186 883
883 433
433 725
725 144
144 276
276 577
577 647
647 966
966 863
863 997
997 353
353 429
429 97
97 492
492 708
708 219
219 457
457 896
896 512
512 753
753 81
81 285
285 713
713 231
231 475
475 249
249 879
879 210
210 665
665 578
578 637
637 397
397 116
116 880
880 395
395 662
662 217
217 181
181 479
479 631
631 358
358 994
994 775
775 208
208 949
949 638
638 694
694 885
885 975
975 389
389 418
418 934
934 559
559 882
882 739
739 117
117 311
311 334
334 925
925 504
504 476
476 46
46 148
148 487
487 890
890 616
616 953
953 149
149 547
547 316
316 693
693 802
802 644
644 527
527 254
254 26
26 15
15 327
327 367
367 909
909 428
428 54
54 957
957 822
822 905
905 43
43 483
483 432
432 146
146 784
784 326
326 680
680 300
300 107
107 473
473 307
307 779
779 261
261 509
509 792
792 414
414 983
983 332
332 526
526 206
206 771
771 851
851 678
678 649
649 528
528 258
258 424
424 730
730 82
82 654
654 911
911 438
438 256
256 928
928 295
295 298
298 313
313 675
675 191
191 343
343 864
864 369
369 157
157 594
594 415
415 283
283 732
732 28
28 201
201 937
937 785
785 323
323 599
599 386
386 710
710 781
781 760
760 724
724 228
228 999
999 223
223 878
878 980
980 293
293 835
835 7
7 59
59 532
532 87
87 632
632 461
461 385
385 868
868 774
774 606
606 920
920 354
354 91
91 695
695 522
522 409
409 79
79 399
399 158
158 282
282 844
844 64
64 967
967 621
621 62
62 991
991 871
871 347
347 426
426 513
513 893
893 565
565 320
320 593
593 652
652 750
750 232
232 274
274 263
263 480
480 984
984 48
48 826
826 288
288 224
224 772
772 626
626 810
810 995
995 790
790 304
304 988
988 992
992 808
808 978
978 155
155 833
833 857
857 246
246 351
351 924
924 977
977 501
501 94
94 119
119 617
617 464
464 34
34 930
930 840
840 804
804 86
86 834
834 676
676 529
529 84
84 264
264 463
463 921
921 92
92 16
16 171
171 411
411 447
447 102
102 458
458 583
583 729
729 952
952 190
190 705
705 437
437 66
66 858
858 468
468 958
958 870
870 519
519 902
902 898
898 697
697 969
969 950
950 21
21 712
712 830
830 677
677 459
459 222
222 919
919 668
668 95
95 650
650 127
127 831
831 733
733 514
514 933
933 998
998 811
811 657
657 136
136 569
569 425
425 207
207 225
225 40
40 642
642 628
628 854
854 595
595 801
801 799
799 679
679 17
17 571
571 987
987 108
108 322
322 36
36 916
916 706
706 614
614 277
277 672
672 838
838 61
61 165
165 660
660 481
481 737
737 138
138 114
114 9
9 11
11 187
187 932
932 98
98 929
929 29
29 561
561 377
377 622
622 129
129 714
714 230
230 869
869 508
508 303
303 174
174 552
552 803
803 382
382 474
474 388
388 477
477 588
588 178
178 166
166 839
839 53
53 281
281 894
894 607
607 538
538 796
796 625
625 179
179 754
754 656
656 993
993 348
348 442
442 156
156 643
643 330
330 507
507 517
517 154
154 167
167 829
829 453
453 361
361 321
321 782
782 962
962 8
8 434
434 305
305 280
280 944
944 374
374 497
497 741
741 666
666 836
836 101
101 203
203 379
379 422
422 20
20 446
446 940
940 359
359 872
872 200
200 70
70 663
663 67
67 557
557 936
936 743
743 362
362 759
759 661
661 556
556 635
635 761
761 646
646 175
175 564
564 416
416 14
14 325
325 809
809 244
244 123
123 996
996 986
986 495
495 789
789 566
566 145
145 946
946 846
846 73
73 738
738 942
942 270
270 30
30 99
99 798
798 110
110 813
813 554
554 553
553 773
773 874
874 315
315 237
237 590
590 892
892 639
639 887
887 121
121 627
627 687
687 83
83 776
776 489
489 664
664 963
963 197
197 75
75 770
770 214
214 218
218 260
260 462
462 742
742 372
372 189
189 623
623 381
381 493
493 72
72 234
234 341
341 1
1 235
235 109
109 376
376 56
56 601
601 720
720 329
329 39
39 572
572 689
689 106
106 567
567 478
478 1000
1000 104
104 544
544 866
866 752
752 404
404 736
736 41
41 364
364 349
349 888
888 173
173 370
370 301
301 85
85 943
943 818
818 904
904 961
961 262
262 674
674 205
205 955
955 402
402 467
467 711
711 648
648 702
702 239
239 788
788 947
947 465
465 814
814 555
555 216
216 419
419 444
444 805
805 976
976 289
289 338
338 297
297 241
241 889
889 387
387 812
812 229
229 378
378 884
884 135
135 133
133 37
37 162
162 499
499 551
551 337
337 580
580 88
88 310
310 250
250 684
684 735
735 198
198 758
758 651
651 670
670 827
827 918
918 550
550 530
530 821
821 609
609 147
147 541
541 345
345 251
251 45
45 876
876 895
895 331
331 410
410 640
640 443
443 972
972 451
451 751
751 275
275 486
486 126
126 523
523 970
970 941
941 435
435 494
494 860
860 960
960 90
90 93
93 105
105 681
681 357
357 524
524 100
100 394
394 500
500 342
342 965
965 990
990 537
537 825
825 917
917 935
935 704
704 49
49 350
350 723
723 707
707 195
195 979
979 756
756 69
69 765
765 4
4 255
255 390
390 50
50 407
407 128
128 51
51 423
423 44
44 355
355 141
141 308
308 112
112 472
472 233
233 10
10 365
365 314
314 923
923 521
521 807
807 449
449 913
913 13
13 151
151 634
634 573
573 252
252 865
865 602
602 926
926 816
816 168
168 366
366 344
344 188
188 466
466 815
815 786
786 728
728 731
731 859
859 408
408 309
309 503
503 431
431 470
470 584
584 515
515 636
636 52
52 368
368 140
140 787
787 375
375 613
613 450
450 194
194 131
131 964
964 63
63 793
793 518
518 163
163 734
734 19
19 985
985 430
430 682
682 718
718 767
767 164
164 215
215 488
488 560
560 763
763 24
24 683
683 698
698 685
685 12
12 589
589 906
906 536
536 873
873 284
284 914
914 849
849 956
956 336
336 185
185 629
629 199
199 143
143 973
973 861
861 586
586 196
196 306
306 562
562 843
843 582
582 540
540 57
57 673
673 58
58 5
5 658
658 691
691 340
340 806
806 401
401 847
847 392
392 618
618 610
610 496
496 68
68 688
688 740
740 546
546 619
619 76
76 948
948 641
641 137
137 653
653 542
542 727
727 908
908 134
134 579
579 951
951 971
971 183
183 247
247 491
491 910
910 352
352 302
302 403
403 212
212 745
745 3
3 598
598 240
240 667
667 587
587 71
71 125
125 111
111 211
211 266
266 624
624 427
427 855
855 371
371 875
875 47
47 747
747 794
794 177
177 611
611 272
127
58 30
60 87
87 20
120 28
127 72
32 86
94 44
77 5
36 69
67 65
58 98
29 42
124 109
88 59
8 48
69 28
4 92
111 41
41 69
3 49
76 112
3 78
112 92
109 22
37 33
57 16
71 97
97 22
56 36
10 3
107 44
48 9
44 70
106 101
83 101
35 123
109 47
113 104
126 89
113 83
53 84
26 22
119 71
96 103
63 124
91 70
11 125
56 119
25 68
82 79
82 13
24 1
113 120
95 78
87 74
123 7
124 82
62 88
126 99
60 72
18 63
36 53
75 79
109 50
11 26
99 73
94 28
28 36
109 15
22 41
2 22
73 32
59 1
24 16
70 103
90 123
67 2
60 85
4 113
20 48
56 73
62 41
113 49
101 10
89 77
105 11
21 17
7 115
85 95
103 115
71 72
39 52
66 29
92 51
111 45
110 79
34 100
11 29
59 112
17 93
84 35
107 76
119 61
11 51
48 51
9 70
52 17
91 124
97 19
6 115
106 32
48 46
112 121
89 43
102 65
65 90
69 99
81 78
51 79
63 111
110 31
85 96
29 102
84 53
38 100
58 59
59 61
79 12
118 48
32 111
27 23
62 66
52 113
97 79
28 65
43 67
75 64
84 48
21 74
112 79
40 73
20 27
106 83
114 100
118 59
2 14
79 54
13 115
54 109
108 17
59 114
41 60
33 29
117 97
127 105
126 52
112 125
101 35
26 94
55 70
14 82
73 98
36 68
51 66
12 68
121 50
123 81
71 50
50 124
50 112
124 13
96 71
73 89
80 89
86 95
127 22
85 106
112 125
62 91
20 47
48 16
25 119
42 119
85 111
27 124
40 4
30 107
116 72
34 108
123 75
84 57
122 28
126 51
35 5
55 86
61 44
87 39
33 70
20 29
87 83
119 77
5 96
92 33
111 54
118 10
17 101
118 121
4 62
95 75
70 1
91 78
10 65
112 47
27 36
94 23
97 90
35 36
32 2
2 100
68 83
31 56
47 101
104 72
101 83
122 87
92 122
113 103
95 35
84 24
25 108
31 38
72 123
19 115
123 111
60 124
9 81
31 53
11 38
124 46
41 69
88 95
110 111
26 22
11 125
4 123
92 42
81 104
4 14
47 115
86 50
110 97
12 81
91 107
75 107
15 3
53 99
88 90
126 16
62 52
112 106
26 106
58 74
94 58
8 23
97 6
120 73
26 64
39 89
89 90
96 84
49 69
43 3
31 39
110 127
52 27
95 23
122 49
39 3
44 97
40 120
20 48
61 43
24 2
98 31
80 47
13 112
126 51
29 99
92 1
55 45
58 9
50 103
56 106
56 48
42 76
103 48
82 24
124 114
1 60
2 57
37 34
117 125
85 13
11 99
73 65
40 34
92 73
107 3
58 110
119 39
71 126
16 90
28 5
52 75
24 34
71 79
83 13
122 97
38 126
20 55
40 109
24 8
49 107
45 34
24 55
120 63
50 104
104 125
58 80
55 125
97 124
118 40
2 63
37 1
18 77
19 8
104 58
69 6
7 33
45 83
37 125
43 125
120 39
58 98
72 112
78 94
103 82
93 20
53 103
30 8
113 96
16 104
10 28
94 70
32 116
106 100
44 54
112 117
30 1
34 46
57 37
68 77
13 2
88 80
57 3
84 74
118 19
37 27
22 67
110 36
107 16
112 24
82 60
115 79
60 72
45 41
25 80
80 102
12 51
31 114
33 125
10 113
112 103
65 109
110 107
55 94
91 10
16 13
101 123
4 1
108 13
46 24
117 67
87 109
69 9
73 30
125 32
111 110
35 77
12 98
57 121
108 75
28 103
104 29
14 119
78 92
80 93
40 1
60 10
44 83
71 23
74 94
51 62
14 26
37 21
105 51
22 41
97 94
118 26
33 72
66 21
22 58
89 45
125 27
75 41
25 43
68 2
28 53
117 53
11 37
104 50
45 51
63 119
60 45
19 7
78 105
91 4
76 127
80 76
77 72
14 113
52 76
117 118
12 46
116 75
33 68
47 60
70 18
59 52
84 51
20 71
116 84
55 65
94 120
105 40
64 2
127 50
40 93
11 43
35 16
127 98
11 80
38 19
89 13
71 80
93 16
66 60
105 64
57 40
88 34
109 44
1 20
96 80
18 104
105 67
64 23
37 74
48 94
104 109
66 81
120 91
44 67
24 15
94 1
18 107
6 69
84 8
55 69
10 54
53 96
57 105
106 102
27 107
97 88
47 71
105 117
43 46
112 85
54 39
47 124
115 29
47 81
10 111
96 83
86 100
77 67
98 31
66 89
44 40
40 126
82 44
104 33
13 28
106 19
43 86
62 57
88 64
26 118
57 63
50 12
35 112
17 45
65 101
47 56
81 17
72 127
12 29
61 49
31 99
107 19
63 37
88 77
49 119
42 95
85 42
123 82
63 75
26 105
17 117
53 108
101 73
16 8
32 21
10 11
100 53
121 30
92 13
52 20
91 28
13 21
4 63
97 43
23 71
113 118
27 25
43 100
73 32
51 68
34 67
7 100
46 51
95 123
120 57
88 52
73 87
38 125
112 25
119 61
120 67
58 19
109 37
98 40
62 65
8 44
66 67
33 84
59 64
25 93
119 104
30 68
63 108
91 42
47 102
73 45
124 88
126 95
107 7
50 114
7 46
36 19
126 99
81 48
77 114
110 90
115 101
112 93
54 15
78 69
59 126
9 1
125 121
75 36
24 115
60 54
114 21
117 120
58 56
108 28
122 111
61 102
74 27
56 50
19 104
49 74
8 27
88 95
31 88
109 17
14 81
3 54
127 60
61 49
75 16
89 60
101 5
5 14
117 119
22 51
93 59
3 87
65 64
66 35
64 125
109 15
50 9
6 33
93 121
8 122
72 58
100 90
77 46
52 30
115 48
73 122
79 36
58 84
42 44
49 59
51 28
77 106
79 33
9 118
56 30
82 3
90 110
78 52
101 115
104 61
83 95
6 24
125 116
13 92
119 74
74 114
103 89
74 69
74 58
112 96
45 31
61 25
103 64
58 86
108 26
2 6
87 30
37 54
10 122
67 63
8 20
25 41
124 24
35 117
101 110
16 91
110 36
73 93
105 50
101 6
20 85
114 121
105 3
5 39
96 115
119 16
97 101
31 73
47 43
23 22
22 58
81 17
8 34
40 108
57 106
7 21
43 58
45 15
82 40
116 65
1 75
34 1
108 59
1 75
67 43
15 22
31 114
95 49
1 37
65 113
67 77
101 28
88 72
16 92
81 104
100 39
20 83
67 48
40 124
65 111
103 115
104 50
111 5
18 76
84 55
109 47
44 12
62 10
72 40
110 64
100 42
66 45
122 109
75 96
65 50
3 21
2 88
13 38
37 72
81 100
51 119
121 88
30 44
25 106
121 116
28 26
13 35
121 52
24 116
3 11
82 93
69 127
6 50
14 100
51 60
108 21
124 9
39 51
96 46
39 15
60 121
84 63
39 116
79 86
90 97
48 79
43 66
30 4
30 66
68 116
102 86
18 96
50 56
99 5
108 51
50 76
16 14
120 58
38 6
30 46
10 13
112 73
59 76
83 118
12 80
99 78
54 96
29 123
55 95
121 17
61 84
114 98
104 112
77 16
79 75
79 84
7 63
104 38
47 97
116 126
95 97
49 21
57 111
100 81
121 6
84 91
18 48
59 26
118 32
73 59
102 46
37 122
66 62
42 23
21 95
31 126
97 57
70 31
72 81
125 2
46 90
1 23
38 79
13 8
5 48
108 69
57 60
75 59
62 47
108 127
71 54
96 14
113 15
36 53
106 8
120 56
109 31
60 81
123 79
118 44
90 38
59 14
116 127
122 104
96 89
50 59
35 117
54 60
55 122
30 64
106 77
67 27
19 31
35 99
2 83
116 17
92 105
23 59
32 28
74 24
80 71
63 102
73 48
18 8
24 26
24 51
83 127
39 75
40 60
107 91
1 52
57 85
77 7
40 62
13 114
45 73
7 97
81 61
96 78
38 116
15 98
91 84
39 121
22 74
23 13
107 82
72 90
82 107
6 2
61 76
127 73
72 59
1 124
109 113
91 35
65 41
110 5
45 75
44 62
22 103
95 50
57 113
102 71
18 107
14 55
67 35
98 60
10 8
50 67
68 73
68 106
54 62
40 67
30 25
74 33
22 80
79 81
114 117
107 43
107 51
50 17
74 104
107 68
69 73
82 51
107 123
114 38
75 90
101 28
51 34
109 102
35 60
116 92
54 19
22 76
99 80
12 68
96 53
121 73
57 15
87 51
71 42
38 59
4 68
89 29
122 75
40 70
65 89
38 44
102 36
3 46
66 33
35 47
106 50
67 112
119 116
115 20
24 82
110 81
9 117
3 111
14 118
127 78
21 66
104 34
21 56
10 66
100 6
115 124
80 104
43 125
86 77
46 58
89 90
89 32
126 115
35 99
91 76
108 50
47 105
28 41
74 99
125 67
57 83
112 60
95 83
111 37
66 24
73 122
55 73
44 93
8 31