450 450
117 431
431 169
169 225
225 180
180 30
30 68
68 254
254 113
113 11
11 435
435 248
248 226
226 182
182 100
100 165
165 28
28 438
438 405
405 382
382 163
163 383
383 429
429 215
215 381
381 420
420 133
133 206
206 50
50 143
143 148
148 167
167 295
295 310
310 138
138 421
421 26
26 358
358 278
278 66
66 177
177 348
348 293
293 121
121 53
53 449
449 258
258 43
43 59
59 87
87 281
281 440
440 298
298 417
417 175
175 64
64 107
107 432
432 411
411 302
302 387
387 55
55 86
86 414
414 194
194 52
52 208
208 91
91 147
147 390
390 246
246 332
332 141
141 353
353 24
24 6
6 345
345 168
168 190
190 399
399 67
67 253
253 259
259 181
181 412
412 40
40 3
3 315
315 317
317 152
152 23
23 173
173 220
220 1
1 448
448 275
275 308
308 388
388 327
327 363
363 27
27 378
378 214
214 294
294 75
75 22
22 132
132 337
337 212
212 250
250 198
198 90
90 316
316 426
426 339
339 73
73 354
354 311
311 344
344 174
174 14
14 49
49 249
249 360
360 105
105 318
318 201
201 272
272 61
61 247
247 92
92 123
123 171
171 25
25 20
20 237
237 234
234 419
419 183
183 303
303 410
410 188
188 362
362 187
187 48
48 427
427 224
224 15
15 307
307 268
268 377
377 397
397 222
222 96
96 379
379 255
255 413
413 433
433 425
425 434
434 114
114 408
408 392
392 245
245 4
4 209
209 213
213 58
58 128
128 42
42 333
333 63
63 356
356 195
195 288
288 239
239 142
142 418
418 37
37 103
103 140
140 289
289 270
270 256
256 312
312 154
154 291
291 78
78 404
404 238
238 372
372 146
146 257
257 394
394 402
402 287
287 16
16 88
88 299
299 322
322 284
284 241
241 139
139 314
314 134
134 51
51 5
5 207
207 380
380 393
393 366
366 396
396 271
271 320
320 122
122 401
401 384
384 403
403 323
323 166
166 99
99 328
328 185
185 153
153 130
130 364
364 233
233 193
193 156
156 136
136 127
127 430
430 150
150 110
110 46
46 290
290 115
115 131
131 304
304 83
83 330
330 386
386 151
151 374
374 164
164 12
12 349
349 336
336 102
102 264
264 262
262 319
319 395
395 227
227 329
329 439
439 444
444 334
334 69
69 407
407 65
65 347
347 219
219 97
97 19
19 321
321 7
7 369
369 126
126 104
104 120
120 135
135 280
280 162
162 199
199 338
338 437
437 54
54 400
400 228
228 428
428 35
35 41
41 335
335 101
101 424
424 111
111 197
197 242
242 89
89 340
340 416
416 77
77 368
368 277
277 2
2 17
17 159
159 398
398 95
95 56
56 112
112 370
370 98
98 325
325 149
149 296
296 161
161 324
324 279
279 85
85 31
31 191
191 346
346 84
84 371
371 176
176 108
108 9
9 172
172 269
269 18
18 13
13 160
160 326
326 306
306 283
283 445
445 343
343 309
309 221
221 79
79 8
8 251
251 232
232 415
415 442
442 282
282 29
29 62
62 313
313 116
116 409
409 34
34 189
189 422
422 350
350 365
365 200
200 203
203 36
36 192
192 80
80 292
292 352
352 216
216 376
376 157
157 72
72 210
210 125
125 443
443 211
211 297
297 81
81 184
184 144
144 44
44 21
21 389
389 202
202 300
300 74
74 446
446 286
286 124
124 47
47 243
243 236
236 218
218 375
375 60
60 178
178 179
179 265
265 263
263 267
267 10
10 359
359 129
129 301
301 230
230 71
71 196
196 341
341 76
76 45
45 450
450 155
155 217
217 391
391 447
447 109
109 82
82 38
38 361
361 285
285 70
70 273
273 276
276 145
145 406
406 170
170 32
32 305
305 367
367 436
436 240
240 244
244 441
441 342
342 385
385 106
106 252
252 274
274 423
423 223
223 331
331 261
261 119
119 137
137 39
39 204
204 205
205 355
355 93
93 357
357 231
231 229
229 351
351 373
373 118
118 33
33 94
94 260
260 186
186 158
158 266
266 57
57 235
235 117
188
21 27
79 22
19 116
54 131
164 138
47 179
111 61
78 139
61 20
57 147
175 33
43 81
9 21
69 36
133 180
133 188
152 117
173 63
17 143
121 96
119 44
46 49
103 72
22 73
180 67
45 143
93 26
65 94
5 91
121 147
116 19
79 34
175 59
153 106
34 169
105 136
25 8
40 101
37 19
151 158
8 10
108 121
153 56
106 104
43 46
142 18
103 150
87 90
143 133
137 111
171 60
9 172
1 112
161 116
16 125
136 113
104 50
78 13
60 113
39 16
90 7
99 146
127 55
95 35
119 126
67 168
180 48
112 101
92 7
43 90
87 68
76 186
112 38
9 36
122 173
11 140
66 15
16 68
52 16
32 15
170 146
51 172
88 73
33 114
75 36
45 150
18 49
139 72
13 145
43 13
50 87
95 150
133 177
78 180
68 75
172 52
73 186
42 26
6 135
105 161
147 54
174 13
105 116
93 2
184 122
134 17
71 38
94 184
154 30
89 53
22 172
72 151
29 177
48 157
125 177
93 158
130 22
58 104
54 114
183 78
67 65
36 38
28 154
105 112
148 61
44 161
63 113
106 177
169 74
54 101
25 103
38 114
176 67
1 16
17 116
6 29
118 95
71 54
34 104
186 115
108 67
143 137
49 22
40 68
20 33
108 64
176 17
154 58
178 77
147 71
64 30
163 71
70 104
72 187
74 151
35 68
134 135
46 66
3 8
177 87
118 92
67 40
45 66
85 86
168 92
29 168
73 136
80 67
63 104
151 59
172 101
153 77
71 67
31 173
17 140
50 163
152 163
13 27
81 103
94 102
1 157
129 19
8 43
86 65
83 28
158 43
16 52
124 35
96 128
130 84
130 123
136 113
31 23
117 154
46 90
170 98
64 123
68 166
123 149
26 92
155 6
114 22
100 156
187 12
30 175
38 85
72 105
103 142
85 113
112 58
180 130
10 142
141 52
81 101
162 127
104 39
140 106
110 166
166 160
15 161
54 44
87 28
165 34
155 120
38 28
169 88
140 108
59 125
144 160
10 94
84 58
163 154
122 26
48 9
164 148
49 132
114 67
3 5
188 18
85 102
137 91
129 26
79 132
138 20
186 141
49 116
158 176
98 89
34 110
65 158
42 149
8 173
81 158
23 83
35 34
19 6
26 13
133 22
72 141
65 27
183 151
57 111
178 76
128 146
134 181
119 133
163 19
45 108
39 31
171 69
164 24
129 123
11 165
35 61
89 174
70 91
24 148
37 55
159 177
9 154
179 5
66 67
77 85
36 64
21 183
109 180
87 52
136 54
185 73
85 128
177 86
41 72
87 68
174 56
156 119
34 182
98 32
29 106
38 143
53 92
30 95
79 52
90 185
67 111
120 171
160 146
158 89
164 67
56 66
82 184
79 148
8 16
56 43
129 110
72 38
176 44
75 177
3 174
16 116
151 11
124 69
24 119
6 77
94 152
128 165
86 158
59 127
49 77
181 93
75 174
128 93
86 95
50 29
135 161
170 179
128 72
119 60
69 162
155 182
59 119
24 55
17 127
3 123
55 123
183 118
181 40
118 96
44 78
12 105
104 51
29 137
74 185
72 78
89 53
71 158
29 187
173 101
50 74
138 123
91 168
145 176
23 46
41 12
68 146
54 67
13 65
142 9
15 33
156 59
13 131
35 98
166 102
144 67
96 89
124 184
4 19
167 147
132 146
94 50
42 66
36 137
120 144
41 107
46 172
165 12
126 129
68 79
175 92
26 176
99 5
64 172
55 13
15 42
86 59
152 84
151 80
44 33
18 107
34 133
99 42
85 132
145 50
158 179
153 84
96 1
131 113
32 37
154 173
132 154
22 15
143 89
82 81
144 100
123 102
32 27
22 38
30 2
130 125
92 123
50 75
50 56
89 167
3 15
185 63
143 27
175 17
185 125
31 72
107 61
10 30
8 145
86 77
114 73
93 170
148 165
116 77
149 51
161 104
144 161
43 156
163 86
147 46
143 155
74 8
76 17
59 90
135 114
50 165
68 132
69 10