890 890
845 832
832 95
95 64
64 79
79 806
806 771
771 778
778 597
597 630
630 870
870 755
755 460
460 404
404 206
206 621
621 152
152 671
671 254
254 656
656 295
295 871
871 166
166 730
730 738
738 796
796 141
141 256
256 589
589 315
315 658
658 569
569 351
351 706
706 800
800 846
846 56
56 641
641 510
510 557
557 277
277 174
174 821
821 731
731 338
338 207
207 567
567 802
802 158
158 570
570 766
766 499
499 543
543 60
60 629
629 734
734 556
556 14
14 812
812 112
112 362
362 527
527 811
811 364
364 610
610 247
247 410
410 872
872 528
528 483
483 40
40 397
397 217
217 418
418 177
177 767
767 221
221 880
880 35
35 889
889 287
287 742
742 262
262 120
120 38
38 46
46 573
573 146
146 604
604 259
259 278
278 513
513 139
139 306
306 323
323 238
238 434
434 547
547 866
866 337
337 804
804 17
17 184
184 814
814 746
746 663
663 269
269 537
537 496
496 279
279 470
470 136
136 385
385 355
355 560
560 491
491 793
793 525
525 623
623 888
888 74
74 116
116 335
335 578
578 768
768 644
644 104
104 43
43 44
44 343
343 863
863 478
478 7
7 71
71 724
724 509
509 180
180 859
859 187
187 719
719 427
427 53
53 85
85 137
137 244
244 97
97 132
132 681
681 493
493 487
487 243
243 867
867 263
263 788
788 76
76 687
687 255
255 168
168 747
747 131
131 212
212 261
261 181
181 216
216 508
508 507
507 312
312 643
643 380
380 691
691 134
134 28
28 235
235 563
563 58
58 334
334 386
386 311
311 865
865 450
450 466
466 555
555 399
399 340
340 198
198 702
702 882
882 111
111 242
242 54
54 377
377 163
163 779
779 280
280 878
878 61
61 636
636 329
329 675
675 824
824 735
735 8
8 565
565 713
713 119
119 797
797 88
88 752
752 665
665 473
473 249
249 683
683 679
679 156
156 854
854 359
359 12
12 210
210 568
568 319
319 837
837 791
791 401
401 729
729 390
390 626
626 580
580 13
13 805
805 372
372 553
553 344
344 879
879 844
844 208
208 59
59 544
544 117
117 522
522 763
763 421
421 822
822 157
157 474
474 202
202 830
830 387
387 465
465 313
313 689
689 632
632 113
113 559
559 3
3 316
316 367
367 627
627 857
857 147
147 657
657 801
801 451
451 618
618 695
695 321
321 733
733 764
764 78
78 435
435 785
785 587
587 468
468 495
495 455
455 596
596 688
688 601
601 612
612 598
598 881
881 595
595 869
869 464
464 492
492 360
360 34
34 840
840 631
631 815
815 876
876 185
185 284
284 582
582 684
684 196
196 6
6 456
456 825
825 339
339 248
248 716
716 756
756 709
709 274
274 301
301 457
457 650
650 169
169 855
855 614
614 664
664 461
461 887
887 126
126 324
324 176
176 62
62 102
102 653
653 191
191 447
447 310
310 89
89 571
571 419
419 696
696 710
710 605
605 73
73 115
115 813
813 828
828 754
754 579
579 398
398 482
482 165
165 318
318 366
366 388
388 39
39 258
258 81
81 826
826 420
420 283
283 566
566 101
101 550
550 426
426 512
512 15
15 852
852 707
707 245
245 615
615 430
430 50
50 67
67 107
107 349
349 699
699 853
853 127
127 155
155 422
422 428
428 138
138 94
94 548
548 257
257 374
374 431
431 624
624 469
469 592
592 16
16 809
809 354
354 554
554 497
497 361
361 777
777 229
229 96
96 622
622 526
526 712
712 143
143 175
175 558
558 790
790 416
416 403
403 741
741 383
383 400
400 736
736 611
611 789
789 302
302 890
890 271
271 413
413 183
183 849
849 648
648 83
83 606
606 607
607 233
233 236
236 227
227 651
651 678
678 792
792 798
798 856
856 4
4 452
452 773
773 241
241 333
333 371
371 228
228 786
786 602
602 272
272 341
341 649
649 667
667 336
336 637
637 142
142 546
546 538
538 727
727 608
608 42
42 484
484 645
645 827
827 823
823 708
708 348
348 149
149 375
375 370
370 532
532 282
282 673
673 128
128 577
577 36
36 331
331 834
834 108
108 504
504 831
831 745
745 51
51 698
698 32
32 758
758 382
382 30
30 373
373 140
140 677
677 322
322 838
838 541
541 352
352 124
124 437
437 820
820 167
167 584
584 591
591 425
425 265
265 669
669 739
739 477
477 705
705 159
159 270
270 328
328 655
655 199
199 850
850 55
55 639
639 197
197 232
232 291
291 703
703 476
476 833
833 189
189 668
668 297
297 463
463 603
603 772
772 586
586 486
486 423
423 654
654 676
676 776
776 728
728 347
347 440
440 524
524 704
704 494
494 29
29 99
99 368
368 66
66 501
501 770
770 722
722 86
86 521
521 737
737 692
692 576
576 294
294 290
290 617
617 305
305 851
851 326
326 5
5 843
843 133
133 205
205 616
616 218
218 726
726 780
780 808
808 535
535 396
396 545
545 442
442 685
685 240
240 75
75 31
31 642
642 68
68 345
345 444
444 1
1 114
114 281
281 171
171 439
439 22
22 91
91 57
57 98
98 23
23 454
454 783
783 148
148 884
884 10
10 588
588 201
201 749
749 883
883 408
408 516
516 381
381 87
87 80
80 417
417 27
27 480
480 353
353 21
21 77
77 391
391 715
715 799
799 41
41 153
153 787
787 471
471 412
412 652
652 93
93 327
327 151
151 264
264 432
432 848
848 542
542 502
502 490
490 467
467 193
193 718
718 37
37 519
519 680
680 581
581 65
65 864
864 485
485 819
819 646
646 405
405 407
407 325
325 443
443 750
750 69
69 105
105 303
303 214
214 211
211 640
640 52
52 803
803 90
90 414
414 498
498 267
267 84
84 530
530 332
332 178
178 393
393 479
479 743
743 511
511 135
135 590
590 635
635 250
250 634
634 732
732 725
725 123
123 670
670 223
223 154
154 757
757 446
446 273
273 222
222 841
841 342
342 660
660 782
782 462
462 100
100 817
817 647
647 194
194 230
230 213
213 759
759 395
395 475
475 251
251 620
620 308
308 173
173 488
488 109
109 531
531 246
246 289
289 200
200 760
760 701
701 2
2 599
599 795
795 506
506 402
402 298
298 666
666 523
523 751
751 70
70 748
748 237
237 379
379 330
330 266
266 47
47 369
369 384
384 682
682 186
186 536
536 625
625 49
49 574
574 534
534 234
234 299
299 539
539 296
296 160
160 503
503 562
562 874
874 662
662 628
628 103
103 179
179 520
520 860
860 873
873 150
150 48
48 389
389 438
438 106
106 376
376 761
761 552
552 674
674 415
415 392
392 858
858 441
441 11
11 564
564 690
690 459
459 661
661 378
378 769
769 633
633 489
489 875
875 740
740 862
862 26
26 583
583 358
358 847
847 406
406 314
314 161
161 575
575 836
836 219
219 433
433 409
409 600
600 224
224 717
717 192
192 436
436 711
711 861
861 182
182 307
307 619
619 285
285 190
190 188
188 500
500 195
195 220
220 203
203 529
529 19
19 794
794 129
129 886
886 561
561 92
92 481
481 694
694 45
45 744
744 445
445 226
226 723
723 449
449 33
33 300
300 816
816 505
505 829
829 18
18 514
514 429
429 714
714 686
686 288
288 121
121 110
110 424
424 540
540 518
518 20
20 784
784 317
317 118
118 346
346 448
448 357
357 517
517 638
638 63
63 877
877 275
275 453
453 807
807 292
292 122
122 721
721 839
839 172
172 356
356 204
204 720
720 130
130 411
411 700
700 765
765 209
209 145
145 276
276 774
774 533
533 842
842 253
253 810
810 697
697 885
885 781
781 762
762 551
551 9
9 585
585 672
672 868
868 753
753 268
268 252
252 659
659 365
365 215
215 170
170 144
144 572
572 458
458 549
549 162
162 125
125 835
835 394
394 320
320 25
25 613
613 82
82 72
72 594
594 304
304 260
260 309
309 775
775 239
239 693
693 818
818 609
609 472
472 515
515 363
363 231
231 286
286 24
24 350
350 225
225 593
593 164
164 293
293 845
5
4 3
5 2
3 4
1 2
4 3
4 1
5 2
5 3
2 1
4 5
1 4
4 3
5 3
3 1
2 3
4 3
1 5
1 2
5 2
3 1
3 1
3 2
2 1
2 4
5 3
3 2
1 4
5 3
1 5
5 4
2 1
2 4
4 1
5 2
2 4
3 5
3 5
1 2
4 1
1 5
4 1
5 3
2 5
1 5
2 4
1 3
2 4
3 4
1 3
4 5
3 1
5 2
5 2
5 2
4 5
3 1
4 3
3 2
5 1
2 1
5 1
1 4
1 5
4 5
5 4
2 4
3 5
2 4
3 4
4 5
5 3
4 2
2 1
1 2
4 2
5 3
1 2
3 5
2 1
4 5
1 5
3 2
4 5
1 3
4 1
2 5
4 1
3 1
2 3
2 1
4 1
1 4
3 2
4 2
5 4
2 5
2 5
3 1
4 5
4 2
4 2
2 4
1 2
1 2
5 4
5 4
3 5
1 2
4 1
5 3
4 2
5 1
5 4
3 5
3 4
5 2
3 4
1 3
1 5
4 1
3 2
4 5
5 3
3 4
2 1
3 1
1 3
5 3
3 2
3 1
4 1
4 2
5 2
3 5
5 1
4 3
4 1
2 3
5 3
3 1
1 2
4 3
5 4
5 3
3 4
4 1
4 1
2 5
5 4
1 3
4 2
3 5
4 3
5 3
1 3
1 4
4 1
1 3
4 5
2 1
5 3
2 4
5 4
5 4
4 1
4 1
2 5
1 4
1 4
2 5
5 4
2 4
1 5
5 2
4 3
3 5
4 5
3 4
4 5
5 3
1 3
4 2
2 3
1 4
3 5
4 2
5 1
1 4
1 2
4 2
3 5
4 5
3 5
5 3
4 3
3 5
5 4
4 3
1 2
4 5
4 5
3 5
2 1
5 1
4 3
3 5
5 1
5 3
5 4
5 3
5 3
2 3
2 1
2 5
5 1
5 2
4 3
3 2
3 1
4 3
3 2
1 4
2 3
4 5
4 5
5 2
5 3
4 3
1 4
3 4
4 5
1 2
1 3
4 1
1 4
4 5
2 3
1 5
2 1
3 2
2 5
2 5
3 4
4 5
4 2
4 3
5 1
5 1
5 1
5 2
1 5
5 1
1 3
3 4
5 4
3 1
1 4
1 4
4 5
2 5
3 2
3 2
4 5
4 3
2 1
1 3
3 5
3 2
1 5
3 4
5 2
5 1
1 3
1 3
5 2
4 1
4 2
4 1
3 2
3 1
4 1
2 4
4 1
3 4
5 1
1 3
1 4
2 1
3 4
2 1
3 5
5 4
1 2
5 4
1 5
3 1
3 1
3 4
4 1
1 5
3 4
4 5
4 1
5 1
1 3
3 1
3 2
3 2
1 5
2 1
2 4
4 3
2 4
3 5
4 2
2 3
3 1
3 2
1 4
3 5
1 5
1 5
1 4
5 2
5 1
2 1
2 1
3 2
1 4
4 1
1 5
3 2
3 4
5 2
3 1
4 3
3 2
2 5
2 1
4 5
3 4
5 3
2 1
5 4
5 4
1 5
1 3
1 5
3 4
5 3
1 4
1 2
5 2
5 1
1 4
5 2
2 5
1 2
4 5
2 1
1 2
4 1
5 2
2 5
4 1
2 5
2 1
3 4
5 4
2 5
4 5
5 1
2 3
4 2
2 5
5 1
4 3
4 1
5 1
3 2
4 1
2 1
2 4
5 2
4 2
5 1
4 5
3 2
5 4
5 2
2 4
2 5
2 1
4 1
1 4
5 2
3 2
5 1
4 1
4 2
3 1
5 1
2 4
3 5
5 3
3 4
5 1
2 5
1 3
1 5
5 3
3 2
2 3
5 2
2 3
1 4
4 5
5 3
3 2
2 5
4 1
2 3
3 2
4 1
1 4
1 4
2 1
3 2
2 1
3 1
3 2
3 2
1 4
3 1
2 5
1 2
5 1
5 2
5 4
3 4
1 4
4 1
2 3
5 2
4 5
2 5
2 4
4 3
1 3
3 2
3 2
4 2
3 1
4 1
4 5
1 3
3 2
1 4
4 2
4 1
1 2
3 5
5 1
5 4
5 1
4 2
4 3
3 1
5 4
2 1
2 4
1 5
5 1
3 4
1 2
1 5
1 5
2 1
5 4
4 1
2 3
4 5
5 2
5 3
2 5
4 3
5 4
2 5
5 2
3 1
3 5
5 3
4 2
5 3
4 1
2 1
3 1
5 1
5 1
2 4
4 2
3 4
3 4
1 2
1 2
2 1
1 2
2 1
3 4
2 4
4 2
4 3
3 5
5 4
1 2
3 5
2 4
3 2
5 2
2 1
2 3
5 4
2 4
1 5
1 2
2 1
5 2
3 2
3 2
3 5
4 5
2 4
1 3
4 2
5 2
5 3
5 2
2 5
3 2
1 2
1 2
2 4
5 2
5 1
4 5
4 1
1 4
4 1
5 2
3 4
2 5
1 5
3 4
5 3
2 5
5 2
1 3
1 3
4 5
4 1
5 1
3 4
1 4
1 3
2 4
3 5
4 1
5 4
5 2
4 5
4 3
4 3
4 1
4 2
3 1
5 1
5 3
2 3
2 1
5 2
1 2
1 2
4 2
4 5
4 3
2 1
3 4
5 4
5 4
1 5
5 4
4 3
5 4
4 3
5 4
3 2
5 4
3 1
4 3
1 3
3 1
1 3
5 2
1 3
1 5
5 4
4 3
4 5
1 2
3 4
1 3
2 4
5 4
3 1
4 3
1 2
5 3
5 1
3 5
1 2
4 5
2 1
4 5
5 3
3 4
3 1
4 1
1 3
1 2
1 5
4 5
4 1
5 4
4 3
4 2
4 3
5 1
2 1
1 2
1 5
3 2
1 2
4 1
5 2
5 2
2 1
3 1
2 3
3 4
2 3
1 3
1 4
5 2
5 3
3 2
5 1
1 4
3 5
1 2
2 1
3 1
3 4
4 1
4 5
3 1
4 1
4 3
2 4
1 5
2 1
2 1
1 2
5 2
5 4
4 5
5 2
2 5
3 4
2 1
1 4
3 4
1 5
2 5
5 4
1 2
1 4
2 1
4 2
3 5
1 3
3 4
3 4
2 3
1 5
3 1
1 5
3 1
5 1
1 5
5 1
3 4
2 3
3 4
2 5
3 2
1 3
2 5
4 3
1 2
3 1
5 3
4 2
3 4
4 1
4 3
5 4
5 3
5 3
4 3
1 2
1 2
4 2
1 3
4 1
1 5
5 3
4 5
4 2
2 5
4 5
2 1
4 5
4 1
2 3
2 3
4 2
4 3
1 5
3 2
1 2
3 2
4 1
4 1
4 5
3 1
4 2
3 1
2 3
3 2
2 5
2 4
1 5
1 4
4 2
3 2
4 3
3 4
2 5
4 5
4 2
5 3
4 3
3 4
1 3
4 5
3 5
5 2
3 2
3 5
1 5
2 5
3 1
4 2
5 3
5 2
2 5
3 4
1 4
5 1
4 1
1 2
2 1
4 3
2 1
3 5
5 2
5 3
4 1
4 3
5 1
2 3
5 4
5 2
4 3
5 2
5 4
5 2
1 2
4 3
5 3
5 2
4 3
2 4
4 3
5 2
5 3
4 5
4 2
1 2
4 2
4 3
2 1
3 4
3 4
5 2
4 5
5 4
4 3
3 4
5 2
1 2
5 3
3 1
1 5
3 1
4 3
3 5
4 1
1 2
1 4
3 1
1 2
5 4
3 2
4 5
5 1
3 1
2 5
3 5
4 1
5 1
5 2
1 5
2 5
5 4
3 2
2 4
4 5
1 4
3 5
4 3
1 3
4 1
4 2
3 1
3 2
3 5
3 2
2 1
3 1
2 1
5 1
3 5
2 1
1 4
3 1
4 2
5 4
1 5
3 5
5 2
4 3
3 5
1 5
1 3
1 5
5 3
5 2
3 1
4 3
3 2
4 3
5 4
3 1
4 1
3 4
2 4
4 1
4 1
4 2