890 890
841 307
307 829
829 81
81 529
529 704
704 480
480 884
884 448
448 397
397 699
699 407
407 30
30 775
775 709
709 637
637 39
39 510
510 524
524 156
156 107
107 815
815 701
701 879
879 464
464 585
585 732
732 664
664 649
649 766
766 121
121 743
743 754
754 427
427 323
323 42
42 508
508 752
752 417
417 608
608 780
780 343
343 638
638 34
34 86
86 609
609 749
749 189
189 747
747 75
75 889
889 824
824 840
840 505
505 560
560 389
389 793
793 868
868 92
92 863
863 236
236 604
604 174
174 374
374 861
861 33
33 111
111 418
418 677
677 325
325 753
753 685
685 648
648 730
730 536
536 266
266 99
99 370
370 486
486 788
788 736
736 757
757 647
647 170
170 474
474 551
551 534
534 571
571 274
274 184
184 797
797 783
783 449
449 222
222 428
428 768
768 142
142 615
615 388
388 405
405 163
163 681
681 652
652 437
437 695
695 413
413 476
476 670
670 514
514 632
632 357
357 345
345 226
226 76
76 490
490 580
580 673
673 761
761 382
382 172
172 507
507 538
538 140
140 708
708 559
559 623
623 462
462 280
280 773
773 194
194 296
296 849
849 248
248 539
539 622
622 455
455 68
68 523
523 281
281 83
83 676
676 112
112 373
373 528
528 680
680 13
13 384
384 328
328 835
835 322
322 526
526 116
116 220
220 147
147 79
79 252
252 46
46 563
563 634
634 750
750 760
760 178
178 628
628 535
535 479
479 228
228 332
332 641
641 425
425 627
627 243
243 286
286 822
822 400
400 290
290 582
582 246
246 336
336 451
451 598
598 155
155 624
624 827
827 115
115 380
380 337
337 600
600 63
63 148
148 520
520 2
2 211
211 201
201 714
714 684
684 767
767 782
782 799
799 56
56 568
568 208
208 67
67 726
726 698
698 157
157 573
573 570
570 216
216 386
386 305
305 209
209 875
875 255
255 617
617 663
663 584
584 769
769 103
103 106
106 73
73 679
679 311
311 836
836 646
646 438
438 852
852 493
493 213
213 84
84 394
394 396
396 285
285 60
60 606
606 158
158 368
368 845
845 270
270 28
28 401
401 122
122 62
62 135
135 506
506 167
167 744
744 191
191 95
95 504
504 857
857 522
522 308
308 830
830 21
21 706
706 525
525 687
687 80
80 125
125 482
482 230
230 52
52 186
186 100
100 804
804 690
690 620
620 458
458 302
302 176
176 885
885 330
330 356
356 183
183 434
434 151
151 605
605 495
495 831
831 426
426 312
312 402
402 242
242 7
7 579
579 253
253 629
629 883
883 625
625 251
251 406
406 719
719 439
439 346
346 530
530 320
320 794
794 555
555 657
657 720
720 17
17 441
441 713
713 662
662 771
771 18
18 369
369 27
27 435
435 414
414 774
774 543
543 245
245 410
410 224
224 488
488 756
756 272
272 309
309 710
710 10
10 575
575 362
362 784
784 367
367 566
566 185
185 132
132 104
104 55
55 519
519 249
249 349
349 777
777 702
702 256
256 870
870 379
379 877
877 316
316 182
182 423
423 215
215 214
214 791
791 707
707 341
341 93
93 509
509 611
611 25
25 612
612 858
858 513
513 607
607 569
569 361
361 832
832 391
391 234
234 667
667 275
275 15
15 12
12 431
431 109
109 9
9 481
481 865
865 517
517 557
557 882
882 152
152 96
96 51
51 273
273 821
821 810
810 276
276 395
395 674
674 454
454 549
549 301
301 238
238 98
98 340
340 734
734 117
117 746
746 392
392 548
548 886
886 772
772 404
404 102
102 399
399 473
473 128
128 610
610 114
114 556
556 53
53 842
842 872
872 299
299 518
518 742
742 180
180 363
363 748
748 91
91 351
351 175
175 540
540 268
268 300
300 602
602 544
544 105
105 452
452 603
603 825
825 751
751 327
327 347
347 344
344 592
592 500
500 601
601 324
324 244
244 717
717 735
735 483
483 192
192 321
321 790
790 545
545 264
264 485
485 515
515 866
866 200
200 219
219 860
860 597
597 833
833 65
65 4
4 738
738 805
805 203
203 700
700 319
319 554
554 16
16 595
595 859
859 740
740 233
233 801
801 828
828 6
6 143
143 267
267 467
467 869
869 718
718 88
88 487
487 445
445 108
108 127
127 823
823 654
654 59
59 644
644 867
867 360
360 87
87 521
521 314
314 196
196 315
315 814
814 818
818 465
465 778
778 672
672 40
40 295
295 366
366 581
581 217
217 161
161 798
798 642
642 553
553 621
621 470
470 811
811 541
541 826
826 292
292 583
583 11
11 293
293 232
232 613
613 776
776 715
715 586
586 35
35 303
303 745
745 94
94 527
527 501
501 41
41 669
669 565
565 188
188 643
643 239
239 335
335 229
229 424
424 58
58 781
781 497
497 118
118 419
419 443
443 447
447 616
616 787
787 763
763 160
160 365
365 38
38 350
350 712
712 802
802 165
165 594
594 762
762 739
739 355
355 197
197 72
72 450
450 269
269 759
759 813
813 878
878 50
50 733
733 593
593 711
711 31
31 47
47 133
133 737
737 49
49 29
29 377
377 181
181 66
66 416
416 263
263 378
378 469
469 499
499 785
785 837
837 258
258 587
587 472
472 225
225 190
190 491
491 460
460 635
635 656
656 578
578 358
358 177
177 254
254 204
204 64
64 887
887 348
348 23
23 90
90 572
572 503
503 306
306 339
339 639
639 212
212 724
724 655
655 547
547 723
723 678
678 471
471 235
235 412
412 422
422 3
3 665
665 588
588 237
237 430
430 385
385 371
371 864
864 162
162 129
129 697
697 453
453 789
789 817
817 310
310 294
294 461
461 765
765 484
484 159
159 289
289 512
512 123
123 562
562 881
881 758
758 731
731 326
326 150
150 317
317 792
792 561
561 436
436 342
342 636
636 120
120 210
210 288
288 36
36 144
144 338
338 666
666 705
705 806
806 658
658 113
113 800
800 14
14 846
846 287
287 446
446 693
693 265
265 77
77 803
803 57
57 218
218 390
390 354
354 24
24 516
516 110
110 721
721 661
661 333
333 22
22 166
166 271
271 415
415 231
231 808
808 694
694 169
169 250
250 876
876 19
19 843
843 279
279 660
660 5
5 650
650 741
741 633
633 313
313 626
626 599
599 442
442 819
819 359
359 834
834 278
278 502
502 511
511 432
432 329
329 653
653 755
755 440
440 850
850 247
247 839
839 683
683 353
353 577
577 420
420 492
492 89
89 409
409 173
173 262
262 618
618 574
574 206
206 408
408 546
546 284
284 459
459 703
703 261
261 136
136 403
403 54
54 241
241 779
779 576
576 456
456 387
387 187
187 475
475 43
43 74
74 533
533 651
651 141
141 334
334 727
727 880
880 205
205 164
164 691
691 796
796 537
537 179
179 82
82 786
786 807
807 477
477 567
567 101
101 640
640 552
552 463
463 78
78 631
631 873
873 890
890 812
812 37
37 619
619 589
589 853
853 692
692 85
85 221
221 564
564 283
283 871
871 352
352 383
383 429
429 331
331 532
532 856
856 596
596 126
126 298
298 542
542 820
820 130
130 722
722 1
1 855
855 168
168 729
729 260
260 193
193 138
138 381
381 795
795 550
550 531
531 496
496 124
124 282
282 207
207 45
45 69
69 398
398 728
728 854
854 304
304 291
291 494
494 393
393 874
874 645
645 376
376 71
71 32
32 277
277 770
770 199
199 848
848 466
466 227
227 433
433 558
558 146
146 223
223 364
364 590
590 444
444 8
8 61
61 725
725 119
119 659
659 847
847 862
862 145
145 682
682 478
478 202
202 844
844 149
149 20
20 851
851 240
240 259
259 318
318 375
375 591
591 154
154 764
764 675
675 195
195 668
668 26
26 421
421 153
153 686
686 131
131 696
696 411
411 134
134 809
809 716
716 838
838 48
48 44
44 630
630 171
171 688
688 97
97 297
297 671
671 257
257 689
689 498
498 70
70 468
468 614
614 489
489 198
198 888
888 457
457 139
139 816
816 372
372 137
137 841
66
50 46
7 17
9 5
49 33
57 45
4 47
26 16
26 19
39 19
65 45
46 36
35 1
49 43
41 37
40 49
57 43
9 57
28 10
35 48
8 43
38 28
51 56
37 49
52 23
24 28
39 20
42 27
58 31
65 22
10 18
45 25
22 45
30 6
54 58
51 42
32 11
1 14
38 25
33 40
12 62
11 3
24 34
55 52
20 66
39 60
39 4
11 12
13 35
11 64
29 4
42 8
65 58
59 40
47 62
45 66
44 24
21 41
52 45
58 56
48 22
31 59
66 58
31 44
16 4
22 58
25 17
32 25
50 40
38 62
21 15
49 31
62 24
13 54
7 3
56 11
6 40
40 21
13 39
42 29
19 9
39 20
65 19
61 23
4 53
6 26
63 61
46 50
45 9
60 39
63 25
9 57
56 53
28 40
22 38
17 11
20 35
6 39
23 42
39 49
55 37
6 30
56 48
41 18
7 44
54 40
19 20
5 16
38 27
48 47
66 53
44 32
55 36
32 55
31 54
54 14
39 16
16 24
47 35
17 41
19 24
7 32
26 32
50 10
22 5
1 47
50 8
6 21
31 24
59 10
2 64
61 1
52 19
15 45
64 27
27 51
66 59
62 33
28 6
51 18
46 42
46 5
21 1
2 65
14 34
29 10
50 45
1 56
5 48
56 6
50 52
50 57
11 12
22 64
8 6
14 38
48 6
19 32
42 54
23 42
36 15
38 31
28 21
3 24
66 6
62 54
39 14
5 24
41 49
33 51
34 66
23 42
5 33
39 5
3 15
45 13
32 21
19 53
45 21
36 63
6 66
58 3
19 56
55 54
24 60
26 19
2 5
21 4
6 11
15 51
17 30
62 31
2 17
19 30
24 39
23 56
26 51
14 23
40 28
9 37
1 2
32 54
54 21
29 18
64 8
64 55
53 65
63 65
2 15
57 23
10 18
26 29
1 24
45 26
61 60
29 54
52 42
28 32
4 42
22 34
33 4
58 12
9 65
46 16
44 42
23 8
34 16
16 36
41 46
53 37
36 31
34 32
64 43
25 39
39 9
12 15
61 30
23 44
61 27
62 21
55 54
32 62
19 8
14 36
4 8
14 15
8 13
45 11
42 3
51 45
49 66
11 63
27 14
41 46
8 44
1 8
37 55
23 31
45 20
46 35
54 10
1 37
31 20
25 47
19 26
30 60
34 30
27 5
31 38
19 25
20 21
39 49
36 4
24 60
19 11
9 54
1 26
39 20
5 14
32 19
16 30
15 14
21 29
46 1
14 56
42 10
12 9
59 15
57 23
1 54
58 14
3 44
20 16
54 56
25 21
43 31
64 56
61 60
9 59
15 20
14 48
66 3
12 55
15 12
11 9
24 19
11 4
18 3
47 37
12 57
15 63
48 5
5 43
47 10
53 15
1 36
28 10
59 2
61 21
30 29
3 59
3 9
14 12
59 14
25 1
54 13
50 57
52 57
13 12
55 19
23 66
66 43
65 47
45 59
25 43
53 39
64 65
43 46
18 29
39 51
5 52
34 61
50 59
9 57
49 30
14 37
36 3
44 61
13 40
44 5
41 39
10 4
27 2
62 33
66 9
39 32
36 16
46 57
37 18
2 60
27 6
23 65
44 47
39 41
51 22
51 65
13 29
11 19
52 7
34 16
66 51
49 5
42 30
39 53
18 60
5 49
43 24
47 44
32 5
60 6
16 59
18 61
35 65
9 43
1 6
43 63
36 20
58 49
63 44
50 33
48 14
46 56
64 58
32 4
23 12
26 7
59 48
66 6
23 26
30 22
18 37
49 64
36 10
30 29
58 48
61 28
24 33
32 58
12 13
4 17
63 2
28 42
17 48
12 31
63 22
62 60
10 33
52 1
30 36
58 52
61 6
58 63
62 60
31 50
43 56
13 54
55 60
21 65
57 16
61 29
24 62
45 39
18 13
22 40
62 63
42 64
33 8
3 5
10 8
48 21
57 63
24 40
5 39
8 33
26 64
22 61
39 6
25 24
53 8
54 27
63 52
1 35
17 53
21 28
32 28
20 35
46 50
8 63
6 19
58 36
23 29
5 8
55 56
8 29
30 64
23 9
37 23
49 64
32 10
21 47
4 34
26 43
43 61
13 59
45 54
33 38
7 1
6 20
5 66
44 52
17 14
46 38
62 10
25 51
9 50
24 39
47 31
26 12
13 19
39 42
23 48
31 5
55 8
49 47
14 64
37 20
36 31
48 24
43 56
20 17
41 52
42 6
63 65
19 10
11 21
19 28
57 37
2 34
41 63
30 43
53 26
32 7
25 38
43 24
48 2
23 4
4 30
24 36
4 2
30 46
14 51
11 39
1 45
6 29
16 22
46 38
36 30
35 63
52 58
34 16
40 8
48 31
41 46
65 58
39 20
5 66
39 36
60 32
63 60
11 39
11 52
57 66
60 54
46 33
54 17
37 23
24 29
45 43
25 35
19 26
5 3
57 1
7 61
8 20
11 64
66 36
66 40
24 1
40 18
17 35
62 36
46 54
60 41
55 30
18 34
36 4
62 23
5 4
62 59
9 59
40 29
1 64
23 3
5 60
43 7
60 18
13 52
61 32
3 24
7 47
36 50
14 31
60 36
12 33
4 13
12 55
39 33
10 1
39 28
48 7
60 44
25 53
57 39
61 44
16 53
15 6
58 38
61 19
6 53
50 49
11 41
58 25
52 66
13 51
42 61
59 57
35 20
17 29
52 54
16 61
57 47
12 48
1 19
50 7
51 32
23 39
26 9
31 54
43 46
23 35
21 54
25 57
56 46
61 51
62 9
7 9
11 14
52 24
18 24
19 43
36 42
12 27
57 56
33 34
43 61
6 10
53 19
60 12
18 40
3 66
47 54
26 23
60 7
34 44
12 30
57 20
64 41
9 45
38 34
58 60
31 36
24 7
46 42
26 33
55 20
10 50
59 30
24 1
58 41
49 57
4 34
36 43
39 43
3 2
15 30
42 57
55 52
31 5
49 54
41 5
21 59
9 2
64 23
5 11
57 29
26 50
28 43
31 34
24 29
9 17
58 25
24 52
34 3
20 18
45 52
18 40
1 26
2 45
13 63
20 21
40 60
2 60
50 20
11 30
20 24
32 20
47 48
30 38
10 62
13 41
61 16
1 21
20 6
31 27
1 31
18 53
65 61
6 13
16 15
60 27
60 44
36 23
64 45
45 1
50 49
2 3
46 53
30 54
33 18
53 2
41 46
35 61
44 39
65 55
43 44
15 30
7 45
35 42
34 13
53 55
65 61
29 40
66 50
13 34
64 58
26 53
66 6
58 25
62 58
4 47
9 42
57 64
52 46
45 64
53 29
38 12
31 19
57 40
65 40
45 57
22 9
15 23
62 19
11 31
36 30
61 6
51 24
53 66
19 47
31 66
61 41
61 30
33 58
44 7
60 65
30 58
7 59
18 39
6 13
52 27
32 2
6 38
50 53
11 4
25 46
9 46
63 64
8 11
16 56
26 9
14 8
40 36
62 5
13 9
47 26
33 32
64 5
12 49
39 52
16 64
38 24
24 2
5 62
34 52
44 24
41 54
43 8
24 15
19 53
47 65
43 47
33 24
45 48
30 1
27 31
66 38
33 13
14 57
20 61
52 59
34 19
27 17
30 29
1 22
20 16
55 18
60 59
24 7
15 37
24 55
9 5
38 29
35 12
49 6
22 1
52 2
40 38
44 54
31 14
19 37
61 58
26 23
52 55
57 64
53 7
64 32
20 3
40 45
58 15
44 31
7 39
47 58
3 5
24 11
31 5
47 26
5 18
50 10
33 18
45 12
22 62
12 26
25 26
64 27
34 23
55 7
59 45
10 36
24 38
4 13
35 14
47 1
16 13
7 41
39 26
48 30
61 7
49 33
20 40
27 65
10 4
54 48
60 7
38 43
17 39
34 45
13 20
65 38
35 38
55 43
50 49
54 33
65 12
58 25
33 51
50 21
7 44
29 4
48 14
21 29
37 4