670 670
600 588
588 393
393 88
88 519
519 238
238 269
269 166
166 657
657 515
515 554
554 427
427 404
404 398
398 438
438 626
626 351
351 632
632 522
522 143
143 415
415 146
146 647
647 212
212 201
201 368
368 504
504 178
178 416
416 40
40 378
378 286
286 645
645 46
46 208
208 659
659 92
92 298
298 630
630 39
39 607
607 367
367 207
207 553
553 402
402 581
581 119
119 34
34 440
440 514
514 471
471 275
275 223
223 546
546 225
225 291
291 431
431 534
534 654
654 33
33 472
472 107
107 376
376 656
656 333
333 624
624 408
408 615
615 320
320 444
444 87
87 425
425 591
591 42
42 324
324 345
345 621
621 562
562 179
179 72
72 60
60 47
47 556
556 84
84 651
651 620
620 586
586 434
434 388
388 49
49 209
209 111
111 144
144 224
224 105
105 13
13 356
356 539
539 664
664 605
605 90
90 580
580 211
211 24
24 22
22 670
670 396
396 35
35 305
305 297
297 76
76 517
517 232
232 341
341 12
12 249
249 485
485 583
583 180
180 350
350 268
268 5
5 357
357 377
377 506
506 650
650 505
505 633
633 489
489 347
347 594
594 369
369 456
456 550
550 36
36 227
227 494
494 67
67 114
114 2
2 479
479 274
274 459
459 511
511 450
450 3
3 365
365 625
625 403
403 533
533 64
64 406
406 10
10 280
280 344
344 191
191 500
500 50
50 177
177 311
311 124
124 641
641 330
330 294
294 622
622 133
133 329
329 254
254 55
55 235
235 441
441 410
410 435
435 665
665 154
154 217
217 123
123 439
439 579
579 663
663 452
452 524
524 253
253 566
566 541
541 419
419 26
26 102
102 65
65 315
315 492
492 165
165 25
25 405
405 423
423 9
9 75
75 79
79 97
97 490
490 169
169 240
240 68
68 627
627 244
244 198
198 81
81 567
567 391
391 465
465 80
80 6
6 278
278 352
352 467
467 473
473 74
74 634
634 364
364 27
27 476
476 277
277 174
174 446
446 326
326 319
319 518
518 316
316 135
135 141
141 145
145 266
266 181
181 463
463 361
361 573
573 323
323 14
14 58
58 152
152 85
85 611
611 303
303 153
153 148
148 149
149 638
638 542
542 121
121 532
532 287
287 484
484 307
307 167
167 343
343 520
520 338
338 411
411 11
11 383
383 346
346 526
526 513
513 30
30 495
495 557
557 306
306 331
331 234
234 373
373 577
577 83
83 499
499 584
584 502
502 386
386 52
52 543
543 342
342 215
215 230
230 619
619 163
163 290
290 501
501 327
327 199
199 512
512 424
424 126
126 156
156 190
190 256
256 206
206 375
375 631
631 1
1 535
535 142
142 296
296 380
380 267
267 582
582 110
110 31
31 309
309 598
598 214
214 648
648 371
371 571
571 285
285 236
236 382
382 139
139 222
222 590
590 73
73 395
395 125
125 112
112 93
93 100
100 596
596 155
155 300
300 606
606 204
204 644
644 248
248 195
195 544
544 295
295 561
561 229
229 409
409 461
461 48
48 669
669 301
301 359
359 399
399 304
304 312
312 325
325 194
194 113
113 213
213 261
261 242
242 355
355 528
528 271
271 608
608 521
521 62
62 483
483 448
448 108
108 138
138 646
646 430
430 265
265 649
649 246
246 189
189 41
41 91
91 172
172 19
19 237
237 171
171 310
310 16
16 132
132 66
66 407
407 308
308 239
239 413
413 496
496 652
652 487
487 384
384 432
432 250
250 122
122 21
21 173
173 401
401 658
658 182
182 508
508 491
491 468
468 270
270 616
616 71
71 442
442 455
455 527
527 565
565 602
602 340
340 414
414 628
628 453
453 252
252 158
158 510
510 418
418 218
218 574
574 289
289 221
221 32
32 470
470 464
464 184
184 603
603 7
7 43
43 493
493 595
595 417
417 82
82 661
661 623
623 599
599 569
569 45
45 23
23 17
17 457
457 109
109 578
578 349
349 103
103 20
20 370
370 503
503 339
339 366
366 321
321 77
77 568
568 612
612 385
385 279
279 61
61 389
389 421
421 587
587 640
640 272
272 37
37 192
192 536
536 140
140 585
585 549
549 161
161 572
572 151
151 54
54 509
509 317
317 281
281 226
226 614
614 259
259 486
486 629
629 129
129 397
397 216
216 555
555 187
187 437
437 458
458 117
117 436
436 597
597 443
443 445
445 604
604 116
116 523
523 314
314 251
251 283
283 482
482 282
282 197
197 322
322 575
575 127
127 168
168 412
412 374
374 617
617 428
428 660
660 497
497 59
59 538
538 78
78 318
318 655
655 260
260 564
564 332
332 353
353 255
255 563
563 245
245 429
429 188
188 273
273 668
668 264
264 613
613 99
99 51
51 426
426 257
257 18
18 422
422 381
381 115
115 592
592 637
637 460
460 313
313 94
94 360
360 131
131 96
96 53
53 299
299 233
233 480
480 176
176 56
56 662
662 643
643 228
228 118
118 202
202 454
454 537
537 196
196 507
507 292
292 609
609 589
589 38
38 157
157 231
231 86
86 466
466 220
220 200
200 193
193 186
186 610
610 95
95 636
636 247
247 635
635 433
433 667
667 336
336 478
478 516
516 164
164 130
130 358
358 475
475 474
474 576
576 101
101 551
551 185
185 545
545 530
530 328
328 469
469 243
243 160
160 262
262 540
540 390
390 362
362 558
558 137
137 618
618 210
210 128
128 284
284 593
593 462
462 639
639 57
57 363
363 335
335 89
89 552
552 481
481 548
548 258
258 394
394 372
372 570
570 241
241 601
601 387
387 559
559 392
392 162
162 8
8 447
447 203
203 219
219 136
136 44
44 104
104 134
134 4
4 302
302 653
653 547
547 276
276 170
170 98
98 106
106 400
400 379
379 529
529 147
147 334
334 531
531 15
15 525
525 150
150 354
354 63
63 451
451 69
69 205
205 498
498 263
263 488
488 28
28 183
183 293
293 29
29 560
560 666
666 449
449 70
70 420
420 477
477 159
159 348
348 175
175 642
642 120
120 288
288 337
337 600
188
39 178
183 1
74 124
64 111
145 98
21 109
160 11
132 138
33 37
64 96
91 67
28 95
179 7
18 69
114 47
28 144
155 11
145 11
106 187
66 15
127 82
131 61
156 47
125 117
30 92
152 169
103 83
69 34
145 43
91 53
133 32
133 58
138 78
73 69
43 170
123 8
133 171
55 178
69 103
22 120
167 185
186 108
130 18
21 112
50 96
95 54
6 130
66 152
18 34
168 74
169 57
25 42
154 84
174 68
114 42
28 115
118 107
67 156
170 62
50 173
33 51
44 163
123 134
176 19
5 3
14 87
72 49
134 77
134 6
188 115
53 16
87 109
71 155
154 168
26 163
100 129
26 57
150 71
142 161
79 123
53 183
163 21
6 140
76 164
183 96
92 187
95 127
101 181
85 13
159 48
18 97
142 21
113 46
23 95
75 2
77 121
103 108
32 108
63 39
35 175
52 8
129 62
70 164
184 171
167 108
6 134
124 61
122 92
7 49
66 165
128 155
20 167
48 174
139 78
144 188
60 118
11 112
34 17
73 112
13 118
152 145
114 171
27 133
31 64
3 111
52 158
139 36
182 60
153 84
48 25
33 87
169 159
18 149
85 45
48 50
105 48
14 87
173 2
49 8
94 160
24 69
133 136
92 105
86 96
17 126
34 92
188 84
17 116
101 38
38 117
64 163
76 150
36 91
31 41
15 19
108 63
162 128
97 15
184 101
83 36
88 154
112 38
37 96
115 172
37 186
136 138
32 159
47 153
17 167
50 34
169 126
120 15
138 181
142 88
164 14
15 10
61 11
160 58
6 11
64 70
53 66
34 126
134 140
93 88
28 180
164 86
62 167
121 68
173 177
66 120
88 111
46 144
109 120
37 172
166 117
82 64
67 118
117 179
72 7
151 185
118 124
1 171
166 36
20 180
17 135
22 99
182 150
100 6
178 79
101 171
126 70
147 106
76 178
96 99
40 121
61 125
15 48
172 112
129 20
117 39
188 63
28 101
154 112
166 117
86 186
132 156
35 102
57 3
23 37
39 167
157 178
50 29
29 76
104 147
3 99
132 18
55 105
130 13
22 156
21 171
175 132
149 30
164 15
76 105
93 13
2 175
26 142
26 36
81 88
74 68
10 47
146 32
187 9
116 140
174 153
1 80
87 79
22 154
56 72
122 93
121 26
176 66
86 15
68 3
158 101
116 90
36 58
80 128
181 84
157 133
151 124
94 26
118 82
79 146
25 112
144 63
69 81
139 23
148 76
153 79
74 5
182 161
175 8
174 120
24 152
5 56
184 127
142 42
83 148
126 141
155 66
117 147
66 86
54 103
63 32
35 127
150 142
77 148
51 35
6 140
138 101
108 54
118 87
113 136
137 43
61 124
24 40
32 39
75 143
128 89
68 57
4 132
144 59
69 48
106 65
110 117
59 129
52 53
61 73
102 174
171 84
72 174
123 58
61 22
119 24
37 23
10 87
31 42
176 132
82 47
71 119
94 144
17 62
136 53
53 14
96 36
87 19
156 168
152 26
1 3
179 141
36 29
95 126
83 122
145 34
160 188
22 138
186 99
139 39
23 112
163 183
138 4
57 118
11 154
29 170
119 181
29 117
43 185
101 146
86 90
112 157
141 64
65 62
14 23
82 26
161 176
104 54
6 8
126 145
28 5
123 116
15 186
181 184
25 133
69 43
72 14
57 115
126 131
178 56
5 22
98 154
169 113
175 46
23 78
6 132
86 115
146 89
31 63
155 126
20 180
52 37
37 41
144 62
19 168
149 7
96 52
95 49
11 118
154 74
39 21
148 171
10 12
111 104
124 36
114 188
25 174
162 174
85 63
96 92
105 187
85 43
185 58
21 93
166 164
70 188
59 144
70 141
43 96
85 180
31 101
47 132
161 37
29 177
34 179
146 175
16 27
38 73
47 137
86 145
77 115
149 26
23 123
2 138
130 155
58 76
128 152
8 38
160 20
52 93
4 30
95 27
67 135
142 72
134 15
25 12
142 180
46 76
86 52
58 115
125 26
118 28
39 157
95 74
50 171
171 164
30 59
147 176
43 33
99 9
62 184
5 59
61 130
158 166
96 146
152 84
114 50
49 164
129 47
171 75
179 50
92 164
63 75
12 34
96 20
26 9
179 80
134 121
138 47
22 144
163 39
15 132
104 174
164 158
85 182
44 137
136 104
28 45
19 30
180 37
57 88
29 158
184 96
69 183
30 44
180 66
67 37
2 174
113 155
11 17
102 79
43 122
130 117
163 130
68 29
13 149
112 114
21 149
34 127
71 157
156 72
161 22
30 23
106 87
81 107
103 27
111 66
154 138
34 116
92 15
12 74
141 51
86 94
87 156
3 182
59 23
95 163
150 40
51 21
89 40
155 152
60 165
126 41
43 134
172 42
83 42
183 170
7 92
49 82
116 22
81 184
150 41
88 100
5 187
50 118
90 87
115 107
94 72
164 143
151 174
122 133
93 21
123 119
119 139
71 141
57 184
157 166
160 12
93 40
66 106
86 91
153 62
13 125
114 20
159 62
56 76
88 29
20 53
172 149
98 22
21 184
57 25
45 74
17 137
51 52
127 84
103 25
20 110
153 56
18 1
153 59
176 54
15 27
123 86
183 111
35 27
94 50
23 184
160 83
21 129
53 6
147 109
74 175
80 32
17 82
160 76
9 58
159 62
132 79
118 18
162 33
94 50
108 173
150 160
30 75
86 152
132 73
38 52
126 60
100 18
168 80
71 103
55 13
102 3
93 47
102 187
145 17
61 158
53 162
34 175
91 87
68 75
7 70
93 178
7 72
159 155
160 130
129 148
153 120
14 155
37 128
187 76
8 162
30 85
96 104
46 19
67 116
141 109
176 174
39 11
84 94
174 6
134 111
84 171
63 91
169 157
115 32
65 148
42 125
25 69
53 49
164 22
184 106
154 129
37 157
70 5
38 46
152 110
8 110
177 40
167 6
83 85
33 51
161 175
57 72
29 138
174 59
151 47
159 89
36 103
63 39