450 450
54 4
4 370
370 167
167 132
132 246
246 190
190 162
162 326
326 153
153 314
314 131
131 212
212 363
363 280
280 174
174 79
79 51
51 354
354 196
196 281
281 403
403 249
249 193
193 85
85 100
100 278
278 17
17 302
302 219
219 62
62 257
257 64
64 346
346 309
309 408
408 271
271 114
114 150
150 427
427 118
118 50
50 234
234 218
218 163
163 172
172 282
282 84
84 345
345 130
130 141
141 289
289 424
424 450
450 110
110 285
285 321
321 169
169 139
139 126
126 318
318 446
446 56
56 75
75 142
142 78
78 338
338 113
113 449
449 34
34 73
73 67
67 339
339 375
375 125
125 7
7 111
111 293
293 299
299 37
37 381
381 3
3 143
143 208
208 206
206 166
166 76
76 88
88 105
105 259
259 68
68 205
205 87
87 194
194 316
316 232
232 343
343 396
396 11
11 21
21 106
106 394
394 366
366 386
386 275
275 216
216 335
335 405
405 421
421 38
38 385
385 389
389 248
248 254
254 94
94 71
71 376
376 231
231 180
180 86
86 384
384 372
372 294
294 198
198 441
441 340
340 159
159 305
305 77
77 411
411 109
109 134
134 6
6 310
310 127
127 137
137 53
53 57
57 426
426 69
69 330
330 315
315 202
202 283
283 398
398 230
230 155
155 22
22 371
371 417
417 349
349 251
251 147
147 444
444 211
211 373
373 200
200 434
434 377
377 192
192 115
115 287
287 307
307 195
195 44
44 428
428 369
369 273
273 323
323 59
59 374
374 260
260 121
121 23
23 184
184 217
217 210
210 170
170 402
402 229
229 270
270 344
344 14
14 128
128 378
378 325
325 203
203 292
292 317
317 209
209 331
331 144
144 225
225 429
429 437
437 24
24 328
328 388
388 296
296 400
400 48
48 103
103 390
390 422
422 224
224 265
265 412
412 407
407 60
60 156
156 133
133 268
268 204
204 45
45 356
356 409
409 272
272 242
242 30
30 197
197 19
19 311
311 382
382 138
138 448
448 304
304 406
406 92
92 332
332 116
116 178
178 46
46 228
228 90
90 233
233 414
414 120
120 420
420 221
221 35
35 2
2 66
66 423
423 435
435 41
41 430
430 220
220 350
350 279
279 65
65 47
47 161
161 262
262 201
201 5
5 404
404 101
101 91
91 74
74 355
355 18
18 347
347 58
58 235
235 342
342 136
136 288
288 393
393 9
9 324
324 263
263 336
336 148
148 43
43 179
179 276
276 256
256 191
191 70
70 298
298 425
425 348
348 99
99 32
32 96
96 433
433 177
177 358
358 36
36 431
431 367
367 241
241 352
352 290
290 357
357 258
258 334
334 222
222 322
322 154
154 171
171 418
418 360
360 261
261 182
182 188
188 108
108 243
243 401
401 10
10 250
250 104
104 237
237 55
55 29
29 158
158 392
392 312
312 301
301 12
12 245
245 199
199 189
189 239
239 83
83 227
227 351
351 306
306 303
303 1
1 8
8 40
40 168
168 152
152 341
341 267
267 333
333 214
214 419
419 25
25 447
447 244
244 183
183 395
395 102
102 97
97 320
320 81
81 269
269 49
49 52
52 98
98 442
442 295
295 176
176 42
42 337
337 173
173 215
215 438
438 226
226 413
413 129
129 329
329 319
319 151
151 297
297 112
112 117
117 445
445 146
146 39
39 277
277 27
27 416
416 361
361 252
252 15
15 359
359 140
140 33
33 247
247 255
255 432
432 107
107 181
181 443
443 124
124 399
399 213
213 164
164 31
31 291
291 157
157 379
379 187
187 20
20 313
313 308
308 439
439 93
93 353
353 16
16 327
327 95
95 410
410 391
391 440
440 368
368 149
149 274
274 89
89 266
266 145
145 362
362 436
436 72
72 284
284 223
223 364
364 26
26 63
63 300
300 175
175 264
264 365
365 415
415 61
61 380
380 236
236 207
207 123
123 13
13 397
397 135
135 160
160 122
122 387
387 80
80 238
238 186
186 383
383 253
253 185
185 119
119 28
28 165
165 82
82 240
240 286
286 54
250
218 166
120 161
71 57
250 69
120 8
32 189
225 114
101 207
173 22
142 150
76 208
236 191
51 191
31 119
170 54
97 240
29 215
202 234
80 121
29 217
165 174
210 7
163 27
121 16
166 122
206 89
197 126
198 169
130 119
91 121
86 70
70 119
185 181
160 235
189 83
10 189
81 133
154 70
100 243
235 90
157 30
200 149
198 220
197 106
179 33
240 137
73 34
175 196
13 216
128 90
195 112
216 26
63 180
236 85
235 125
133 179
155 201
63 186
144 192
201 100
195 192
71 248
78 113
54 61
152 158
109 216
40 230
198 105
72 205
80 37
247 73
218 48
56 133
152 192
115 185
184 8
101 66
49 158
188 69
151 188
34 241
178 57
178 36
127 123
58 36
91 113
99 164
71 220
5 218
138 201
82 88
174 226
54 40
141 58
187 151
33 180
11 68
194 131
158 186
176 26
94 191
231 230
68 64
69 231
92 235
61 168
58 4
236 7
159 179
162 237
131 178
117 149
9 37
46 17
25 134
6 5
161 143
130 88
79 187
154 192
112 223
215 213
245 179
38 71
191 168
115 17
115 170
48 113
41 221
243 56
247 55
41 71
96 139
216 197
33 192
213 208
75 216
126 167
69 109
127 133
96 162
132 64
160 238
204 140
1 57
131 246
116 207
74 97
102 75
171 15
7 163
51 222
150 131
6 201
205 52
180 99
85 94
129 62
34 205
190 221
140 112
90 160
51 11
167 186
206 131
1 217
66 55
32 193
155 233
241 212
72 220
88 133
199 217
45 199
192 47
141 175
157 78
190 56
50 60
206 221
240 79
123 213
81 244
28 98
67 62
224 121
202 155
52 111
116 225
159 241
59 134
45 223
179 98
122 206
147 188
29 248
149 97
185 41
31 107
187 4
19 115
216 31
20 196
169 233
180 114
15 95
120 112
61 40
66 127
209 177
37 149
81 156
99 21
124 21
16 22
155 37
97 232
50 183
241 70
202 145
175 124
232 198
224 150
169 245
228 167
133 80
83 214
241 159
96 92
61 189
242 55
88 122
132 183
153 9
242 10
14 71
249 105
198 199
176 120
235 173
225 40
163 69
56 30
25 98
64 186
23 205
104 12
106 72
151 184
202 141
97 49
216 72
23 215
120 21
216 104
67 49
199 44
180 66
42 97
23 166
160 3
26 73
36 156
192 233
53 117
113 94
86 218
211 99
102 48
21 201
198 192
212 39
121 85
129 197
90 217
36 195
176 35
195 45
21 53
137 154
247 114
203 2
110 179
116 247
115 231
108 208
155 96
139 118
50 98
140 123
84 97
53 196
148 232
241 203
168 29
26 195
237 160
23 196
233 207
195 24
213 188
145 119
168 80
106 2
170 49
55 2
100 143
193 90
60 187
64 111
72 71
38 178
47 185
17 244
194 199
19 78
231 78
97 213
32 67
231 210
58 126
95 180
247 64
193 197
232 75
107 82
135 221
5 160
160 148
225 155
227 131
110 207
48 17
32 141
48 232
143 91
83 32
17 110
147 237
124 244
49 124
148 96
100 47
154 15
24 78
57 154
152 248
105 119
61 101
15 165
76 120
246 140
33 237
21 177
130 80
194 159
154 37
94 192
52 153
159 208
120 29
219 190
67 103
116 145
175 186
151 228
88 81
46 15
75 22
3 101
180 90
184 113
90 41
104 5
197 199
72 97
250 149
73 39
44 27
216 158
110 159
245 108
148 63
146 212
43 75
187 159
92 227
150 212
129 1
225 79
235 70
194 240
197 134
163 82
85 141
97 230
179 200
247 216
212 171
49 31
113 97
29 86
79 138
47 173
192 57
127 134
33 188
205 210
113 246
181 184
116 243
168 78
213 203
44 195
221 1
19 240
13 203
39 189
223 71
185 152
90 118
69 72
212 180
194 217
10 235
225 156
50 19
18 78
77 21
218 223
23 134
238 83
235 96
204 205
50 151
208 15
227 209
178 210
26 123
40 189
166 1
32 88
58 8
164 159
156 22
249 45
57 17
116 41
42 172
53 81