230 230
148 229
229 82
82 45
45 195
195 75
75 189
189 79
79 131
131 64
64 42
42 88
88 92
92 54
54 87
87 224
224 39
39 155
155 201
201 69
69 130
130 66
66 23
23 179
179 169
169 188
188 99
99 26
26 47
47 122
122 81
81 197
197 61
61 102
102 85
85 144
144 52
52 141
141 57
57 8
8 142
142 151
151 172
172 93
93 170
170 221
221 41
41 46
46 7
7 19
19 183
183 119
119 48
48 185
185 225
225 174
174 62
62 95
95 198
198 146
146 163
163 70
70 150
150 40
40 38
38 192
192 216
216 166
166 9
9 78
78 51
51 206
206 176
176 104
104 218
218 223
223 63
63 126
126 30
30 1
1 83
83 101
101 140
140 187
187 212
212 110
110 115
115 135
135 14
14 49
49 105
105 177
177 153
153 108
108 137
137 3
3 159
159 175
175 113
113 80
80 97
97 68
68 200
200 11
11 207
207 164
164 6
6 180
180 107
107 18
18 55
55 4
4 50
50 165
165 31
31 138
138 147
147 161
161 89
89 74
74 209
209 5
5 186
186 199
199 154
154 217
217 133
133 193
193 13
13 143
143 117
117 67
67 129
129 168
168 111
111 37
37 84
84 178
178 194
194 98
98 190
190 27
27 76
76 226
226 211
211 173
173 219
219 32
32 220
220 43
43 167
167 22
22 71
71 181
181 94
94 120
120 171
171 35
35 123
123 222
222 128
128 90
90 114
114 44
44 204
204 160
160 24
24 2
2 15
15 125
125 28
28 112
112 162
162 56
56 77
77 191
191 202
202 106
106 208
208 103
103 58
58 20
20 100
100 16
16 36
36 210
210 86
86 228
228 230
230 17
17 118
118 21
21 33
33 182
182 215
215 157
157 34
34 136
136 60
60 124
124 73
73 132
132 205
205 196
196 139
139 10
10 121
121 65
65 116
116 25
25 152
152 12
12 134
134 127
127 214
214 156
156 203
203 145
145 29
29 72
72 184
184 109
109 227
227 213
213 53
53 91
91 158
158 149
149 96
96 59
59 148
188
156 141
75 4
35 81
107 117
31 124
20 75
97 66
103 150
162 40
155 160
85 123
123 138
134 70
168 144
133 169
123 24
150 114
1 68
135 178
105 3
113 165
58 40
176 181
64 55
79 50
161 31
3 7
151 173
90 126
115 172
167 16
8 187
85 163
133 177
107 149
26 174
67 87
118 146
47 7
26 116
177 100
66 58
47 134
62 67
26 104
35 121
151 101
158 68
8 71
73 86
159 135
57 69
5 72
84 3
2 89
50 24
104 168
73 106
85 24
38 69
78 61
47 177
64 166
169 12
139 31
178 156
176 47
54 142
29 67
165 23
77 185
94 97
22 75
183 102
51 97
64 167
13 178
117 80
35 151
38 88
173 74
156 64
68 19
84 27
116 136
106 104
118 11
85 113
56 106
134 43
16 174
158 9
66 35
58 177
78 12
34 174
173 35
107 74
155 19
58 130
51 175
98 62
123 162
14 50
128 163
157 43
10 15
55 83
8 158
134 57
154 29
73 12
86 106
181 11
179 20
33 34
187 14
70 25
89 159
39 138
88 181
16 147
69 180
104 52
107 132
172 103
137 174
28 144
35 61
7 107
32 60
152 101
153 88
184 27
107 2
8 14
133 6
138 99
46 146
122 25
25 50
170 180
77 166
182 82
35 11
27 179
77 58
150 172
52 25
117 130
110 163
19 105
72 4
155 151
143 76
170 164
104 71
18 162
74 160
56 104
157 74
58 90
93 89
130 80
28 127
134 65
149 151
81 148
46 132
117 122
56 4
180 107
43 98
67 182
93 134
87 121
129 113
46 84
65 32
157 79
140 67
14 117
105 20
79 105
53 124
15 64
45 181
34 114
154 122
138 115
11 41
39 138
29 128
54 136
126 141
11 126
12 121
116 119
99 184
67 83
130 99
17 153
145 95
68 13
119 49
9 2
4 102
58 109
150 177
4 179
115 92
130 142
140 3
100 25
87 122
131 176
61 131
128 110
63 141
179 73
49 91
12 108
153 30
157 142
85 17
10 157
48 123
124 77
169 61
183 141