780 780
487 580
580 385
385 253
253 94
94 60
60 217
217 211
211 627
627 164
164 669
669 552
552 777
777 671
671 199
199 551
551 29
29 731
731 521
521 482
482 410
410 287
287 585
585 682
682 149
149 411
411 306
306 577
577 768
768 117
117 151
151 245
245 363
363 548
548 299
299 56
56 435
435 310
310 157
157 171
171 706
706 448
448 467
467 663
663 559
559 668
668 563
563 643
643 472
472 42
42 633
633 147
147 319
319 13
13 417
417 78
78 153
153 641
641 158
158 172
172 689
689 449
449 85
85 557
557 356
356 739
739 442
442 450
450 618
618 51
51 553
553 311
311 694
694 674
674 592
592 62
62 513
513 437
437 139
139 314
314 63
63 532
532 451
451 656
656 320
320 236
236 343
343 381
381 348
348 140
140 606
606 511
511 31
31 518
518 43
43 107
107 102
102 318
318 415
415 88
88 231
231 209
209 703
703 460
460 73
73 254
254 219
219 642
642 593
593 716
716 114
114 611
611 165
165 780
780 523
523 492
492 271
271 602
602 761
761 738
738 729
729 175
175 222
222 155
155 105
105 243
243 264
264 610
610 239
239 771
771 240
240 516
516 686
686 19
19 257
257 113
113 774
774 119
119 366
366 568
568 387
387 279
279 87
87 515
515 426
426 53
53 137
137 208
208 679
679 745
745 724
724 176
176 543
543 134
134 637
637 99
99 295
295 184
184 672
672 721
721 7
7 347
347 631
631 316
316 751
751 397
397 152
152 67
67 54
54 555
555 120
120 622
622 177
177 617
617 538
538 590
590 767
767 104
104 711
711 262
262 638
638 35
35 497
497 225
225 256
256 500
500 456
456 626
626 379
379 575
575 701
701 353
353 659
659 283
283 103
103 75
75 36
36 683
683 325
325 291
291 72
72 461
461 163
163 560
560 676
676 526
526 289
289 24
24 524
524 734
734 704
704 699
699 757
757 436
436 324
324 728
728 779
779 48
48 616
616 345
345 249
249 459
459 630
630 756
756 718
718 398
398 1
1 752
752 233
233 138
138 478
478 509
509 369
369 195
195 326
326 227
227 309
309 403
403 86
86 303
303 753
753 576
576 527
527 408
408 143
143 296
296 522
522 230
230 235
235 122
122 362
362 598
598 337
337 378
378 534
534 505
505 305
305 405
405 206
206 286
286 666
666 284
284 481
481 681
681 244
244 297
297 59
59 49
49 722
722 470
470 658
658 528
528 70
70 670
670 252
252 358
358 423
423 100
100 361
361 276
276 715
715 582
582 735
735 619
619 294
294 372
372 71
71 359
359 473
473 323
323 181
181 396
396 664
664 493
493 196
196 567
567 743
743 775
775 607
607 588
588 660
660 407
407 754
754 357
357 277
277 578
578 409
409 644
644 156
156 651
651 652
652 267
267 351
351 570
570 639
639 272
272 443
443 133
133 712
712 431
431 281
281 333
333 587
587 544
544 9
9 471
471 321
321 111
111 101
101 187
187 37
37 167
167 537
537 162
162 220
220 200
200 346
346 169
169 620
620 41
41 210
210 741
741 132
132 764
764 150
150 661
661 228
228 429
429 30
30 338
338 434
434 65
65 81
81 496
496 591
591 399
399 12
12 589
589 57
57 258
258 34
34 433
433 604
604 334
334 173
173 571
571 554
554 330
330 166
166 707
707 83
83 383
383 520
520 562
562 564
564 539
539 109
109 201
201 95
95 376
376 517
517 154
154 755
755 373
373 221
221 680
680 335
335 420
420 259
259 684
684 386
386 89
89 47
47 28
28 115
115 355
355 127
127 218
218 192
192 418
418 263
263 290
290 391
391 468
468 649
649 349
349 331
331 278
278 464
464 535
535 474
474 709
709 744
744 260
260 141
141 74
74 677
677 586
586 425
425 92
92 190
190 8
8 621
621 191
191 599
599 304
304 603
603 97
97 608
608 374
374 579
579 11
11 135
135 189
189 632
632 495
495 428
428 742
742 224
224 533
533 758
758 447
447 650
650 480
480 769
769 160
160 207
207 485
485 561
561 265
265 488
488 365
365 313
313 594
594 531
531 452
452 250
250 14
14 367
367 446
446 129
129 312
312 463
463 457
457 655
655 583
583 486
486 360
360 614
614 453
453 6
6 640
640 519
519 377
377 545
545 615
615 697
697 121
121 136
136 26
26 766
766 52
52 340
340 91
91 466
466 301
301 574
574 322
322 38
38 773
773 501
501 698
698 382
382 123
123 625
625 667
667 763
763 529
529 202
202 371
371 261
261 368
368 687
687 695
695 503
503 280
280 475
475 549
549 380
380 50
50 454
454 720
720 144
144 188
188 282
282 736
736 285
285 705
705 170
170 725
725 22
22 148
148 2
2 416
416 536
536 45
45 696
696 605
605 759
759 439
439 648
648 514
514 268
268 746
746 375
375 213
213 717
717 502
502 204
204 596
596 581
581 455
455 748
748 124
124 293
293 566
566 612
612 364
364 145
145 327
327 108
108 490
490 510
510 393
393 64
64 292
292 342
342 719
719 422
422 84
84 690
690 232
232 5
5 733
733 55
55 212
212 445
445 307
307 344
344 251
251 750
750 556
556 242
242 146
146 336
336 476
476 339
339 430
430 469
469 479
479 388
388 275
275 700
700 90
90 404
404 541
541 77
77 131
131 68
68 572
572 597
597 197
197 178
178 214
214 274
274 395
395 226
226 69
69 159
159 776
776 370
370 186
186 628
628 595
595 98
98 298
298 315
315 241
241 384
384 392
392 444
444 413
413 550
550 198
198 394
394 341
341 229
229 80
80 317
317 328
328 194
194 542
542 20
20 82
82 125
125 645
645 419
419 498
498 128
128 438
438 483
483 600
600 329
329 106
106 723
723 634
634 740
740 269
269 27
27 765
765 508
508 300
300 654
654 58
58 16
16 112
112 130
130 623
623 675
675 248
248 525
525 15
15 685
685 613
613 762
762 727
727 270
270 565
565 412
412 477
477 678
678 772
772 216
216 432
432 702
702 389
389 116
116 441
441 76
76 126
126 673
673 350
350 79
79 657
657 46
46 635
635 401
401 400
400 665
665 182
182 183
183 636
636 215
215 465
465 499
499 710
710 484
484 688
688 354
354 692
692 179
179 402
402 352
352 33
33 646
646 142
142 730
730 414
414 726
726 44
44 255
255 662
662 193
193 601
601 4
4 693
693 308
308 770
770 266
266 223
223 491
491 512
512 546
546 462
462 624
624 18
18 749
749 237
237 17
17 168
168 732
732 40
40 238
238 584
584 93
93 110
110 547
547 332
332 118
118 760
760 421
421 691
691 713
713 205
205 609
609 714
714 246
246 161
161 21
21 504
504 540
540 288
288 180
180 737
737 25
25 32
32 66
66 440
440 273
273 747
747 39
39 185
185 558
558 96
96 506
506 406
406 778
778 708
708 23
23 61
61 424
424 3
3 647
647 302
302 573
573 569
569 247
247 458
458 427
427 629
629 234
234 494
494 390
390 10
10 174
174 489
489 530
530 653
653 203
203 507
507 487
188
105 9
114 108
160 182
48 4
46 128
134 56
148 116
1 66
186 95
108 179
167 26
17 20
168 152
85 160
152 75
185 122
153 124
51 162
137 154
57 54
50 32
13 136
156 170
129 58
136 73
41 137
127 42
123 88
5 13
138 144
183 31
22 59
147 14
109 112
128 129
86 29
92 177
126 12
54 184
149 82
138 119
12 28
145 170
133 72
150 26
8 41
86 150
182 81
26 157
21 15
55 3
51 85
5 27
88 119
46 108
55 45
146 8
117 109
159 149
115 15
8 144
21 36
159 72
108 129
48 28
2 61
60 56
69 50
182 92
59 41
138 125
14 183
1 100
163 128
29 17
144 130
9 94
37 49
149 84
139 178
17 86
100 127
6 161
49 39
97 133
14 176
19 142
151 74
135 159
81 61
170 87
165 187
138 101
111 48
103 145
53 148
57 170
52 183
171 10
8 166
96 188
171 79
72 98
80 91
141 90
136 134
20 22
108 115
49 180
116 43
12 39
128 123
24 108
47 41
35 147
54 133
102 156
109 89
9 131
22 134
63 19
167 165
186 47
142 149
179 140
55 18
183 75
13 5
173 69
164 171
175 35
66 158
65 72
152 111
42 93
96 72
76 174
40 129
130 6
130 80
15 44
100 171
120 148
182 87
151 34
181 148
3 184
21 145
85 150
127 97
5 143
19 76
28 61
15 155
133 14
63 36
22 158
16 187
38 172
132 111
121 46
138 121
72 29
12 14
129 3
159 10
11 75
188 107
131 41
94 32
135 79
57 3
50 161
24 27
5 123
2 176
82 186
101 121
139 29
181 54
12 142
124 67
61 160
117 115
119 120
63 6
158 60
56 146
14 127
178 186
20 165
30 127
118 58
101 108
118 90
34 134
160 134
25 137
99 112
165 105
14 165
38 110
56 72
75 152
55 57
28 48
90 122
22 84
127 68
124 63
93 138
120 183
55 28
7 51
11 139
169 38
63 129
38 157
168 153
128 6
147 91
17 149
159 4
160 182
119 40
59 145
77 5
59 87
68 110
15 47
95 188
92 36
34 140
155 2
135 123
39 113
104 65
25 177
87 176
69 81
132 7
164 128
173 5
174 3
152 68
28 107
152 79
98 149
180 8
167 170
36 138
144 32
159 16
1 98
147 76
72 15
165 74
124 132
67 98
127 140
48 145
73 41
155 59
76 8
96 2
180 56
51 135
47 71
19 45
129 177
11 58
157 136
58 62
168 81
8 139
119 126
85 64
121 114
100 92
96 120
31 65
185 156
58 160
83 124
172 3
152 109
18 126
135 101
133 130
175 164
175 90
130 139
31 86
78 113
13 146
52 65
152 93
172 109
58 133
47 165
3 85
114 65
63 38
64 180
123 131
132 39
175 115
159 143
102 50
168 175
80 173
96 83
70 54
131 133
96 34
11 138
40 33
123 152
19 187
46 91
107 171
63 130
104 26
92 26
70 116
98 9
111 139
68 47
57 177
131 61
164 102
187 124
116 182
169 14
23 75
146 15
177 10
50 75
166 19
38 169
176 188
67 146
26 151
137 113
8 63
46 83
38 43
172 123
170 101
57 18
90 129
55 26
132 17
85 9
109 159
107 155
133 32
43 126
137 103
158 23
186 156
105 156
82 131
32 20
165 74
13 81
168 187
130 73
94 182
151 38
188 98
66 140
79 135
45 71
25 146
1 48
73 113
100 123
83 16
138 168
90 132
53 65
55 111
98 49
102 139
27 32
4 105
2 35
107 92
104 37
163 107
127 54
60 16
117 42
124 113
113 106
136 66
9 172
99 35
67 176
89 54
27 20
59 23
120 10
106 116
90 32
127 110
102 129
26 47
73 101
159 73
160 139
126 78
63 114
60 20
57 132
144 122
29 6
183 15
5 98
31 21
13 82
66 79
104 164
38 151
180 150
154 168
146 31
166 59
161 18
39 25
178 7
143 56
50 162
184 60
149 92
40 62
28 159
150 66
125 70
18 69
2 87
24 162
18 122
103 17
12 27
125 63
31 46
167 109
152 52
40 138
131 64
105 99
53 34
100 116
39 96
138 103
35 25
112 44
158 108
110 105
34 22
42 123
127 188
5 179
25 119
105 128
28 123
165 173
129 34
186 48
132 159
13 9
5 23
49 93
188 176
69 138
71 151
79 103
147 73
80 178
4 161
13 56
143 177
178 170
87 63
132 51
84 174
126 106
44 183
152 100
73 103
183 144
40 151
112 122
113 114
136 96
13 152
111 173
179 174
43 120
11 1
103 69
5 36
12 52
100 187
34 168
105 169
34 25
166 177
125 177
19 111
31 104
163 105
139 40
159 98
74 97
73 85
36 37
158 95
41 81
75 6
114 180
135 67
138 22
177 56
187 5
77 149
1 14
55 92
123 27
50 120
178 123
2 181
155 99
18 118
82 110
12 15
182 179
173 55
93 107
137 180
27 115
135 31
44 43
169 84
44 1
57 153
171 28
75 51
106 182
142 102
94 7
55 56
3 137
118 35
66 9
53 34
175 45
169 172
86 21
66 89
53 161
105 100
27 148
63 66
158 149
46 96
139 124
137 152
55 176
42 58
86 134
42 171
182 105
113 59
174 59
175 127
94 134
44 116
28 93
187 31
133 47
96 175
132 159
50 128
115 142
87 163
47 135
145 73
154 2
112 28
71 22
84 35
23 157
53 86
163 123
4 114
94 114
185 58
42 147
48 70
104 52
27 121
5 45
185 55
11 78
70 89
71 31
1 86
87 181
33 118
133 80
20 160
26 9
72 151
9 123
170 186
160 131
117 137
63 12
110 84
81 102
42 104
126 47
63 18
72 15
14 127
37 95
188 167
67 132
96 76
61 46
18 82
35 1
98 82
69 128
115 6
98 186
96 115
105 79
96 53
113 2
78 142
44 151
153 106
93 55
77 119
144 64
63 2
43 61
17 147
30 156
92 151
52 96
101 132
117 103
48 145
184 3
5 61
11 127
49 44
67 129
185 139
37 94
16 165
171 17
83 131
66 90
27 61
100 43
121 102
38 166
29 132
106 163
121 54
155 115
26 122
126 18
113 40
123 22
133 69
182 177
153 63
128 162
121 173
44 76
36 117
38 143
75 126
39 143
134 70
30 46
91 2
64 182
169 126
144 154
13 46
72 173
19 16
165 75
180 102
21 99
3 143
91 137
56 127
73 56
37 93
109 96
30 69
9 143
184 55
77 79
149 129
23 85
124 6
149 69
52 6
53 105
119 185
95 58
105 115
152 188
102 160
165 83
114 123
98 1
83 186
180 113
49 149
147 54
99 154
87 187
58 123
3 121
13 15
149 53
16 54
72 71
70 138
135 64
173 52
99 80
18 107
60 65
22 161
169 168
16 98
162 60
134 54
130 110
92 132
115 97
117 39
180 68
108 71
124 184
4 171
170 182
184 185
113 130
15 2
11 185
5 102
143 114
8 72
19 97
1 164
69 93
137 150
157 115
37 41
183 111
54 137
185 110
50 32
25 149
96 110
131 19
188 68