670 670
162 131
131 259
259 458
458 324
324 182
182 257
257 140
140 462
462 538
538 183
183 517
517 167
167 600
600 614
614 7
7 499
499 104
104 647
647 80
80 203
203 249
249 447
447 381
381 271
271 650
650 314
314 637
637 132
132 292
292 360
360 156
156 631
631 368
368 529
529 393
393 485
485 481
481 63
63 500
500 155
155 477
477 633
633 245
245 136
136 639
639 91
91 450
450 495
495 51
51 610
610 303
303 17
17 372
372 454
454 414
414 4
4 81
81 542
542 299
299 274
274 210
210 100
100 96
96 504
504 293
293 392
392 200
200 166
166 61
61 241
241 175
175 472
472 195
195 171
171 110
110 42
42 332
332 21
21 264
264 480
480 528
528 626
626 325
325 313
313 87
87 621
621 189
189 573
573 484
484 656
656 561
561 250
250 527
527 243
243 537
537 5
5 618
618 550
550 138
138 73
73 585
585 579
579 558
558 305
305 254
254 279
279 543
543 339
339 562
562 439
439 101
101 465
465 32
32 406
406 657
657 36
36 443
443 227
227 532
532 536
536 225
225 201
201 373
373 115
115 206
206 47
47 376
376 617
617 224
224 349
349 330
330 102
102 297
297 563
563 607
607 467
467 217
217 24
24 568
568 546
546 588
588 29
29 498
498 44
44 22
22 97
97 26
26 595
595 141
141 25
25 369
369 570
570 198
198 270
270 215
215 385
385 159
159 434
434 16
16 109
109 391
391 352
352 10
10 412
412 555
555 296
296 651
651 315
315 435
435 612
612 418
418 129
129 184
184 463
463 150
150 275
275 9
9 319
319 665
665 383
383 139
139 584
584 416
416 603
603 123
123 46
46 268
268 422
422 432
432 466
466 501
501 630
630 333
333 181
181 552
552 291
291 161
161 622
622 192
192 14
14 646
646 176
176 58
58 507
507 143
143 240
240 403
403 437
437 419
419 33
33 551
551 374
374 230
230 311
311 511
511 559
559 121
121 547
547 83
83 382
382 370
370 645
645 448
448 575
575 283
283 586
586 473
473 76
76 522
522 535
535 613
613 659
659 239
239 252
252 309
309 204
204 99
99 350
350 84
84 173
173 152
152 165
165 174
174 386
386 30
30 262
262 220
220 170
170 521
521 344
344 82
82 457
457 460
460 378
378 154
154 246
246 128
128 411
411 478
478 117
117 589
589 377
377 45
45 118
118 351
351 468
468 327
327 605
605 636
636 187
187 95
95 453
453 298
298 191
191 294
294 112
112 178
178 41
41 581
581 253
253 116
116 94
94 186
186 616
616 23
23 284
284 106
106 399
399 380
380 580
580 667
667 72
72 329
329 151
151 160
160 214
214 554
554 74
74 172
172 594
594 180
180 490
490 188
188 361
361 505
505 19
19 40
40 124
124 353
353 488
488 357
357 396
396 228
228 122
122 384
384 402
402 452
452 544
544 1
1 346
346 514
514 242
242 272
272 549
549 307
307 426
426 379
379 212
212 312
312 133
133 471
471 130
130 286
286 649
649 263
263 662
662 627
627 169
169 611
611 430
430 489
489 644
644 193
193 287
287 114
114 655
655 624
624 415
415 358
358 632
632 67
67 304
304 64
64 196
196 469
469 288
288 120
120 494
494 310
310 541
541 337
337 634
634 77
77 285
285 194
194 456
456 394
394 592
592 75
75 213
213 65
65 54
54 648
648 231
231 619
619 37
37 89
89 660
660 405
405 190
190 92
92 43
43 326
326 591
591 31
31 363
363 179
179 548
548 598
598 625
625 265
265 261
261 318
318 491
491 11
11 413
413 356
356 343
343 125
125 323
323 425
425 334
334 487
487 564
564 429
429 149
149 515
515 560
560 211
211 126
126 513
513 223
223 317
317 185
185 398
398 119
119 482
482 438
438 669
669 440
440 34
34 362
362 59
59 164
164 461
461 387
387 56
56 207
207 596
596 48
48 576
576 375
375 93
93 388
388 290
290 20
20 269
269 266
266 604
604 281
281 389
389 158
158 28
28 278
278 638
638 502
502 320
320 251
251 145
145 62
62 583
583 273
273 260
260 66
66 451
451 12
12 127
127 235
235 168
168 205
205 593
593 142
142 232
232 464
464 417
417 420
420 569
569 218
218 474
474 664
664 400
400 135
135 216
216 401
401 609
609 409
409 539
539 88
88 503
503 509
509 557
557 69
69 459
459 248
248 444
444 395
395 606
606 52
52 134
134 237
237 427
427 668
668 441
441 233
233 276
276 653
653 108
108 354
354 144
144 244
244 523
523 300
300 608
608 85
85 556
556 565
565 256
256 663
663 199
199 153
153 258
258 234
234 280
280 497
497 38
38 282
282 567
567 336
336 347
347 525
525 177
177 666
666 615
615 53
53 267
267 202
202 407
407 520
520 147
147 390
390 531
531 397
397 359
359 641
641 566
566 553
553 3
3 49
49 404
404 366
366 516
516 493
493 365
365 628
628 229
229 322
322 654
654 486
486 578
578 221
221 670
670 577
577 70
70 492
492 599
599 446
446 410
410 524
524 436
436 518
518 341
341 479
479 255
255 328
328 340
340 295
295 146
146 449
449 209
209 345
345 157
157 590
590 510
510 574
574 623
623 277
277 582
582 137
137 90
90 652
652 424
424 442
442 367
367 508
508 421
421 6
6 540
540 338
338 643
643 308
308 571
571 331
331 533
533 86
86 316
316 371
371 348
348 27
27 247
247 629
629 163
163 635
635 364
364 301
301 107
107 470
470 455
455 8
8 433
433 111
111 50
50 342
342 236
236 13
13 103
103 475
475 35
35 620
620 18
18 222
222 148
148 587
587 601
601 640
640 71
71 208
208 661
661 408
408 219
219 226
226 321
321 60
60 113
113 15
15 2
2 642
642 534
534 306
306 545
545 597
597 335
335 658
658 105
105 602
602 98
98 431
431 79
79 68
68 445
445 428
428 512
512 483
483 423
423 55
55 476
476 526
526 496
496 197
197 78
78 355
355 506
506 39
39 572
572 519
519 530
530 302
302 289
289 57
57 238
238 162
5
2 3
2 5
3 1
3 2
2 5
3 2
1 3
3 1
2 1
5 3
5 2
4 2
4 1
3 5
4 1
1 3
3 5
2 4
4 2
1 5
1 2
4 1
1 2
4 1
3 4
2 3
5 2
3 4
1 4
5 1
2 3
4 2
4 5
1 4
2 5
1 3
4 3
3 4
1 3
3 2
3 5
2 4
3 1
2 4
5 3
1 5
2 4
4 5
2 5
4 1
2 1
1 4
2 5
3 1
5 1
4 5
2 5
4 1
4 5
1 4
2 4
3 2
2 4
2 3
2 5
5 3
5 3
1 2
2 5
2 3
2 3
4 5
4 3
3 5
1 5
4 3
2 4
4 3
5 4
2 3
1 4
2 3
2 5
2 1
4 2
2 1
3 4
1 2
5 1
1 4
1 2
1 3
4 1
4 1
1 5
2 5
3 1
5 2
4 3
5 2
5 2
2 3
4 1
4 1
1 2
3 1
3 4
1 3
1 3
2 4
5 4
3 5
4 3
2 1
4 2
3 1
5 1
3 5
3 1
5 3
1 2
5 2
5 4
3 2
2 1
4 2
3 5
4 1
1 4
5 3
2 5
2 1
1 2
3 1
3 5
2 5
4 2
4 3
1 5
1 4
5 1
3 2
2 4
1 2
5 2
5 3
2 5
1 5
4 1
5 2
2 5
1 5
4 3
3 2
2 5
4 2
1 4
1 5
1 3
2 5
5 2
3 2
2 5
2 3
5 1
3 4
5 4
2 4
3 1
2 3
2 5
4 2
5 3
2 4
4 1
5 2
4 3
4 1
1 5
4 1
3 2
2 5
3 4
5 3
1 4
2 5
5 4
1 3
4 2
1 3
3 5
1 3
3 4
5 3
5 1
3 2
5 4
1 2
1 5
2 3
4 2
2 1
4 1
1 3
2 5
2 5
4 5
1 2
1 4
4 5
1 5
1 4
2 3
3 1
5 2
1 5
1 3
4 1
1 2
3 4
5 1
4 1
4 3
5 1
3 4
3 4
1 3
2 3
5 1
1 5
3 5
1 4
3 2
2 3
3 5
2 1
1 2
4 5
4 2
2 5
3 1
2 3
3 5
1 2
5 3
4 5
2 3
4 3
2 3
2 5
4 1
4 2
4 3
3 5
5 3
1 4
5 2
5 4
5 4
4 2
2 3
1 4
4 3
1 2
3 4
1 3
4 2
5 1
3 4
5 4
2 3
1 3
1 5
4 1
1 2
2 3
5 1
3 1
5 1
2 4
4 2
4 1
4 5
4 3
4 1
2 4
2 4
2 5
2 1
5 1
5 3
3 5
3 2
1 2
5 1
1 3
1 4
2 3
3 2
2 3
1 2
5 3
1 5
2 4
5 4
4 3
4 5
5 2
3 5
3 5
2 3
2 3
4 2
1 5
2 4
4 2
5 1
5 2
5 3
2 3
2 5
4 3
2 3
2 3
1 2
5 4
4 3
1 2
1 5
2 4
5 3
3 4
3 2
4 2
2 5
1 2
3 2
2 5
1 2
5 1
4 1
3 1
1 5
1 4
2 4
3 5
5 3
2 5
4 3
4 3
3 1
5 3
4 1
2 4
5 1
2 4
5 4
2 5
1 5
5 2
3 2
4 3
3 5
2 5
1 3
5 1
4 5
2 4
2 4
1 5
5 1
2 3
2 5
4 2
2 5
3 5
3 2
4 3
5 2
3 4
3 1
5 3
3 4
3 1
1 4
2 3
1 2
1 5
4 3
2 5
3 2
3 4
5 2
3 5
1 2
1 4
5 1
5 1
5 4
5 3
5 3
3 5
2 4
4 1
4 2
1 4
1 2
1 5
2 1
3 4
2 3
1 2
4 1
1 2
5 1
5 4
1 3
3 1
1 2
3 2
5 1
1 4
2 1
4 2
5 4
1 3
3 1
4 2
1 2
2 1
4 2
1 5
2 4
2 1
4 1
2 3
1 2
1 4
2 5
1 2
4 5
1 2
4 2
2 1
1 2
4 2
3 5
1 3
2 3
2 4
5 2
2 5
2 1
2 5
5 3
1 2
2 1
2 3
4 3
2 1
2 4
5 2
3 2
1 3
4 2
3 1
5 3
4 2
3 2
5 4
2 1
5 3
1 5
2 1
4 3
2 4
4 3
1 2
1 2
5 2
5 1
2 1
4 1
4 2
4 2
5 4
1 2
4 3
3 4
4 5
5 1
4 5
4 5
4 3
5 1
4 5
4 2
3 4
2 1
4 1
3 2
4 3
5 1
5 1
1 2
3 2
1 2
2 4
1 4
4 2
2 5
5 1
3 4
2 1
2 1
3 2
1 4
3 4
4 3
2 1
3 5
3 5
4 3
5 3
2 4
3 5
4 1
2 1
2 4
2 3
1 2
3 5
4 1
3 1
1 5
2 1
4 3
4 2
1 2
2 3
4 3
5 3
5 2
3 4
2 5
3 1
3 5
2 1
2 5
4 2
3 1
3 4
3 2
4 5
2 4
1 5
3 1
3 2
5 2
1 4
1 4
4 2
2 4
2 3
1 5
3 5
2 1
1 3
1 5
2 3
1 5
4 5
2 3
2 3
5 3
1 3
1 5
4 5
2 5
5 4
1 5
2 1
5 4
2 5
5 2
1 2
4 3
1 4
4 2
5 2
2 4
1 2
5 1
1 2
4 5
5 1
5 1
5 2
4 3
5 2
2 4
1 2
3 5
5 2
5 1
3 1
2 1
2 5
5 4
5 4
3 1
3 2
3 2
5 4
4 3
1 5
2 1
2 1
1 4
1 3
5 2
3 5
5 3
1 4
2 5
5 3
2 4
5 4
3 1
3 2
4 3
1 3
3 1
3 4
4 5
5 3
4 1
4 1
5 4
4 2
3 4
5 2
1 2
3 5
2 5
3 2
4 1
2 4
2 1
2 4
3 1
2 3
5 3
4 1
3 2
1 5
2 5
5 3
1 3
4 3
2 4
3 5
5 1
1 2
2 4
5 3
1 5
2 5
5 3
3 2