230 230
157 44
44 79
79 87
87 123
123 193
193 156
156 207
207 106
106 80
80 55
55 113
113 95
95 163
163 165
165 48
48 91
91 204
204 101
101 82
82 184
184 229
229 59
59 99
99 11
11 45
45 13
13 54
54 34
34 52
52 124
124 220
220 37
37 187
187 29
29 228
228 164
164 171
171 20
20 64
64 39
39 226
226 68
68 60
60 149
149 178
178 169
169 14
14 83
83 230
230 173
173 22
22 158
158 107
107 8
8 63
63 42
42 3
3 190
190 117
117 175
175 211
211 81
81 50
50 17
17 62
62 130
130 70
70 212
212 66
66 150
150 84
84 147
147 201
201 202
202 186
186 108
108 161
161 71
71 128
128 182
182 122
122 92
92 180
180 219
219 27
27 53
53 127
127 109
109 121
121 170
170 114
114 31
31 196
196 205
205 30
30 47
47 25
25 98
98 141
141 61
61 176
176 137
137 151
151 126
126 125
125 143
143 134
134 9
9 218
218 203
203 102
102 78
78 199
199 43
43 56
56 57
57 179
179 222
222 139
139 177
177 67
67 28
28 77
77 200
200 138
138 172
172 1
1 4
4 65
65 148
148 40
40 86
86 210
210 131
131 188
188 192
192 118
118 5
5 93
93 119
119 75
75 2
2 132
132 153
153 23
23 88
88 224
224 221
221 198
198 174
174 74
74 15
15 159
159 32
32 208
208 197
197 116
116 96
96 85
85 89
89 100
100 24
24 51
51 72
72 135
135 111
111 214
214 21
21 223
223 215
215 191
191 26
26 7
7 194
194 145
145 97
97 155
155 10
10 185
185 133
133 110
110 166
166 144
144 46
46 35
35 213
213 38
38 154
154 12
12 209
209 16
16 140
140 49
49 136
136 105
105 152
152 104
104 36
36 217
217 225
225 120
120 94
94 19
19 90
90 76
76 168
168 115
115 129
129 103
103 112
112 41
41 142
142 73
73 206
206 167
167 216
216 69
69 183
183 6
6 146
146 195
195 33
33 189
189 162
162 58
58 181
181 160
160 227
227 18
18 157
127
67 60
105 72
104 84
78 26
48 103
116 1
54 10
93 28
28 34
37 17
75 33
36 92
4 5
61 50
30 81
119 7
79 30
84 2
13 119
97 121
100 56
9 38
41 68
49 17
92 45
106 5
96 117
31 127
88 106
115 124
70 76
32 6
97 77
85 114
50 108
104 22
72 42
106 88
103 71
26 55
121 91
72 49
124 90
119 9
10 71
33 34
60 10
91 93
30 72
5 11
118 13
71 55
82 17
121 95
28 55
46 90
73 112
90 104
69 105
47 8
43 97
37 114
126 11
76 68
3 47
71 76
20 63
86 8
112 33
97 56
26 57
17 43
61 17
51 69
82 105
119 101
20 102
113 35
57 66
14 91
89 65
99 80
42 32
124 39
92 46
112 42
74 15
48 12
80 21
51 97
111 104
13 31
7 4
2 40
47 27
98 89
80 114
8 84
48 22
39 26
50 120
78 102
4 34
62 82
11 115
60 50
91 66
50 68
126 25
67 83
72 47
26 45
48 15
101 90
12 119
28 17
29 65
22 7
120 37
115 5
42 91
17 84
114 77
12 10
6 51
73 12
9 102
66 88
89 6
51 12
17 43
11 103
116 9
125 34
1 82
20 117
97 8
110 73
63 4
75 113
87 119
48 123
94 70
30 7
96 102
28 86
24 27
86 85
65 76
25 6
38 4
102 24
4 79
111 28
121 87
50 21
49 110
2 46
58 93
97 50
72 67
10 100
84 112
119 98
68 81
38 76
52 64
69 2
108 76
78 108
66 122
52 115
43 13
58 48
91 62
1 5
8 114
110 11
9 61
55 17
94 38
12 112
34 18
29 4
92 38
87 36
36 50
43 90
20 18
16 112
1 124
70 93
42 56
74 43
125 11
58 28
106 91
56 114
39 53
104 56
65 124
33 51
15 12
43 29
79 13
69 85
80 86
53 126
101 40
18 7
10 84
72 111
55 18
63 87
106 95
74 23
50 101
12 37
7 12
81 65
79 123
25 106
56 12
78 46
95 74
102 105
20 63
7 16
84 74
78 110