120 120
116 30
30 57
57 76
76 2
2 96
96 98
98 105
105 112
112 101
101 26
26 15
15 119
119 84
84 103
103 81
81 27
27 66
66 60
60 89
89 58
58 3
3 104
104 88
88 17
17 73
73 35
35 72
72 115
115 32
32 55
55 54
54 47
47 80
80 59
59 113
113 68
68 46
46 5
5 1
1 93
93 41
41 7
7 86
86 110
110 34
34 91
91 9
9 75
75 78
78 29
29 44
44 43
43 12
12 39
39 100
100 53
53 11
11 67
67 83
83 74
74 14
14 16
16 36
36 13
13 42
42 21
21 82
82 70
70 62
62 8
8 50
50 63
63 108
108 92
92 106
106 111
111 28
28 90
90 107
107 95
95 23
23 22
22 97
97 31
31 69
69 117
117 61
61 99
99 109
109 120
120 4
4 45
45 102
102 71
71 38
38 77
77 85
85 51
51 64
64 118
118 94
94 37
37 19
19 33
33 24
24 79
79 18
18 40
40 25
25 49
49 6
6 87
87 114
114 65
65 52
52 56
56 48
48 20
20 10
10 116
127
18 29
100 26
55 23
64 127
107 25
109 54
68 26
13 66
70 87
85 73
53 74
26 42
105 39
77 33
82 61
111 93
73 69
66 8
77 58
117 63
118 2
39 58
55 14
103 52
85 108
8 76
94 77
29 122
111 75
4 62
38 96
25 59
87 51
68 15
74 113
59 55
123 107
83 13
115 61
11 28
37 30
6 4
87 68
9 97
42 82
89 127
117 88
55 127
127 76
104 124
91 34
89 43
29 83
68 10
51 48
65 12
63 73
119 123
21 64
81 20
125 57
41 80
52 84
40 63
92 100
109 60
27 108
112 55
18 10
107 77
65 104
77 72
53 71
52 27
113 8
36 18
65 54
68 62
1 95
45 35
99 8
49 51
109 36
98 48
18 66
26 36
30 23
69 54
79 93
119 82
49 86
35 47
38 29
33 56
80 21
13 43
77 43
42 78
69 35
4 55
37 53
125 91
61 105
44 69
95 74
66 109
64 106
124 91
78 104
111 25
127 57
104 40
100 67
15 92
82 42
50 95
107 123
99 75
63 27
15 103