560 560
159 531
531 355
355 195
195 425
425 111
111 166
166 187
187 145
145 384
384 275
275 99
99 492
492 413
413 259
259 363
363 513
513 431
431 8
8 35
35 408
408 124
124 209
209 549
549 11
11 144
144 305
305 519
519 122
122 281
281 87
87 151
151 309
309 22
22 412
412 351
351 153
153 271
271 221
221 230
230 69
69 54
54 555
555 118
118 252
252 282
282 24
24 500
500 177
177 141
141 88
88 90
90 37
37 375
375 553
553 430
430 499
499 368
368 338
338 327
327 173
173 459
459 298
298 246
246 401
401 267
267 21
21 146
146 504
504 239
239 528
528 46
46 29
29 552
552 80
80 399
399 544
544 291
291 322
322 543
543 390
390 233
233 107
107 212
212 392
392 172
172 476
476 92
92 108
108 215
215 292
292 113
113 202
202 178
178 132
132 395
395 104
104 374
374 155
155 253
253 168
168 538
538 294
294 5
5 266
266 68
68 179
179 39
39 286
286 457
457 540
540 242
242 469
469 232
232 28
28 285
285 25
25 208
208 101
101 206
206 354
354 279
279 411
411 386
386 366
366 530
530 147
147 127
127 273
273 131
131 356
356 313
313 424
424 156
156 130
130 372
372 250
250 532
532 416
416 371
371 490
490 329
329 139
139 56
56 370
370 560
560 320
320 128
128 464
464 426
426 79
79 365
365 514
514 482
482 318
318 470
470 312
312 337
337 75
75 361
361 81
81 382
382 433
433 59
59 417
417 223
223 222
222 16
16 247
247 188
188 32
32 26
26 58
58 229
229 524
524 319
319 505
505 63
63 554
554 340
340 474
474 520
520 288
288 559
559 502
502 256
256 293
293 456
456 525
525 289
289 169
169 89
89 458
458 396
396 31
31 213
213 467
467 85
85 484
484 460
460 423
423 214
214 290
290 161
161 421
421 116
116 478
478 462
462 435
435 84
84 73
73 196
196 557
557 15
15 135
135 243
243 334
334 42
42 180
180 270
270 7
7 240
240 378
378 304
304 509
509 496
496 244
244 120
120 389
389 194
194 403
403 149
149 536
536 284
284 537
537 512
512 405
405 367
367 57
57 198
198 550
550 76
76 506
506 422
422 237
237 227
227 126
126 231
231 534
534 429
429 138
138 521
521 377
377 480
480 95
95 192
192 380
380 461
461 241
241 303
303 497
497 471
471 245
245 349
349 546
546 82
82 189
189 391
391 91
91 19
19 70
70 427
427 204
204 483
483 158
158 248
248 527
527 235
235 451
451 115
115 171
171 452
452 473
473 154
154 453
453 27
27 466
466 541
541 137
137 43
43 548
548 491
491 129
129 2
2 515
515 347
347 176
176 542
542 105
105 468
468 280
280 150
150 406
406 12
12 71
71 419
419 193
193 262
262 1
1 357
357 362
362 254
254 393
393 148
148 454
454 434
434 48
48 234
234 487
487 358
358 328
328 200
200 300
300 109
109 45
45 238
238 353
353 249
249 106
106 197
197 400
400 133
133 438
438 191
191 343
343 529
529 418
418 217
217 472
472 311
311 477
477 439
439 93
93 4
4 446
446 495
495 407
407 420
420 216
216 13
13 102
102 387
387 479
479 55
55 437
437 17
17 414
414 167
167 211
211 185
185 6
6 165
165 336
336 182
182 465
465 228
228 485
485 224
224 316
316 409
409 295
295 38
38 94
94 201
201 186
186 98
98 310
310 152
152 335
335 164
164 207
207 49
49 373
373 443
443 181
181 40
40 486
486 306
306 339
339 516
516 545
545 117
117 205
205 324
324 376
376 160
160 450
450 225
225 136
136 62
62 220
220 397
397 501
501 556
556 455
455 269
269 10
10 398
398 140
140 526
526 441
441 14
14 50
50 302
302 498
498 507
507 53
53 218
218 350
350 83
83 381
381 170
170 325
325 51
51 251
251 258
258 444
444 199
199 96
96 410
410 44
44 174
174 448
448 510
510 219
219 66
66 277
277 9
9 341
341 323
323 352
352 36
36 493
493 236
236 503
503 142
142 547
547 61
61 517
517 283
283 297
297 449
449 162
162 261
261 348
348 332
332 402
402 34
34 533
533 123
123 385
385 274
274 359
359 64
64 47
47 345
345 264
264 379
379 307
307 97
97 260
260 321
321 489
489 522
522 86
86 317
317 263
263 342
342 119
119 67
67 301
301 360
360 508
508 463
463 20
20 488
488 346
346 255
255 440
440 265
265 100
100 134
134 299
299 226
226 369
369 125
125 276
276 551
551 315
315 112
112 364
364 65
65 333
333 110
110 558
558 296
296 33
33 190
190 278
278 78
78 23
23 481
481 539
539 308
308 523
523 77
77 314
314 18
18 442
442 30
30 494
494 511
511 535
535 60
60 163
163 388
388 436
436 518
518 175
175 72
72 447
447 344
344 404
404 428
428 287
287 143
143 445
445 268
268 114
114 157
157 52
52 74
74 330
330 394
394 383
383 415
415 183
183 121
121 3
3 326
326 210
210 272
272 184
184 41
41 432
432 475
475 257
257 331
331 203
203 103
103 159
127
82 56
84 33
50 60
34 69
90 95
120 67
76 122
84 40
42 57
97 117
92 94
115 119
9 86
45 99
104 89
89 29
96 75
7 78
39 96
93 120
6 94
11 105
28 87
33 36
70 76
126 78
58 127
34 95
105 116
51 91
2 56
98 36
118 79
86 65
51 46
89 110
115 22
45 78
75 105
72 122
7 80
72 50
5 62
68 39
125 50
105 15
113 123
42 103
42 115
77 78
19 7
66 84
11 106
34 112
98 51
75 117
39 106
7 84
14 112
64 114
35 68
80 83
3 107
41 88
78 83
51 50
71 96
112 81
19 122
33 127
31 43
37 93
82 25
15 79
90 23
123 31
66 11
19 18
81 43
92 66
39 84
40 103
72 75
57 127
25 80
67 58
54 108
10 98
3 19
126 105
75 48
115 92
119 66
79 39
24 46
58 101
14 110
14 124
49 105
119 53
119 108
80 36
21 89
34 71
24 8
95 96
6 25
38 22
46 123
117 122
55 45
20 86
44 21
72 111
50 108
43 52
12 22
9 81
104 28
45 83
65 31
94 127
79 7
29 11
89 90
94 95
54 28
76 94
70 71
74 6
34 3
76 94
37 59
45 71
21 94
118 120
12 27
56 74
83 126
28 117
124 89
102 47
33 11
109 12
14 127
82 5
64 90
87 92
61 7
7 17
35 52
116 40
93 63
86 57
72 102
106 54
18 77
13 115
5 52
109 111
31 116
16 13
96 84
61 116
50 126
31 83
121 29
53 111
31 125
36 96
82 8
67 49
36 101
14 64
67 82
27 106
43 65
91 46
110 115
27 103
38 22
119 54
124 85
94 22
10 51
8 105
42 77
75 95
43 104
75 100
70 62
114 39
107 93
58 115
28 111
16 1
63 116
14 71
73 88
115 61
123 81
92 126
117 99
6 20
43 69
121 114
107 61
102 29
2 111
122 39
56 23
100 119
107 26
112 109
67 42
115 2
50 14
92 64
11 19
47 1
118 54
75 87
98 67
74 104
90 71
39 44
72 124
26 23
47 45
30 119
32 66
53 86
54 33
41 33
91 2
92 83
25 41
41 106
9 29
82 109
16 72
35 31
120 58
1 4
104 18
64 56
122 102
108 65
53 78
116 94
88 99
51 118
17 28
99 49
69 64
111 120
46 69
31 23
100 4
101 2
21 60
115 19
12 101
121 83
23 19
101 116
54 14
122 36
103 107
72 51
90 58
46 91
53 15
12 112
48 39
92 10
124 6
30 100
12 43
57 94
27 73
116 66
13 39
54 12
64 39
28 15
34 8
50 100
126 86
104 108
95 113
11 107
47 37
90 70
78 57
5 108
11 89
24 54
60 9
44 111
39 98
32 89
68 48
105 12
60 40
116 119
127 59
22 26
117 43
63 77
24 50
64 91
116 111
12 15
96 89
2 7
30 61
2 103
2 87
4 34
99 90
13 83
59 67
108 34
7 123
38 104
127 122
112 88
115 37
74 50
69 61
92 96
2 55
13 18
53 110
84 40
122 42
96 14
13 107
117 40
117 38
81 86
92 28
47 91
5 102
71 32
25 94
127 59
31 116
79 30
100 49
86 115
77 59
74 36
83 92
40 4
39 74
116 2
38 127
79 67
34 39
118 38
121 98
87 127
37 110
71 55
14 88
44 65
8 88
36 78
50 53
98 1
65 67
2 71
64 19
48 25
39 44
42 2
14 111
86 50
16 31
4 106
73 94
2 65
4 38
122 103
26 27
125 15
122 102
87 94
115 17
56 25
46 40
113 65
113 115
80 28
44 49
31 9
15 92
120 75
82 30
35 73
101 34
55 114
18 93
29 123
49 100
80 93
10 113
74 76
125 69
13 58
114 3
88 127
97 70
102 79
58 91
78 112
71 113
126 114
74 69
107 10
10 68
26 69
88 64
90 53
17 19
114 65
49 24
98 13
42 8
31 81
80 57
44 12
50 40
49 36
110 33
124 98
59 13
65 69
83 27
101 69
36 104
32 97
34 105
121 44
56 79
17 87
118 36
67 75
110 75
104 43
78 60
89 53
103 65
55 47
119 107
23 54
105 67
116 25
65 119
71 83
43 3
16 1
2 49
104 74
109 124
114 51
47 40
100 8
108 122
19 97
65 19
64 92
112 62
6 47
63 72
109 127
38 39
107 96
50 124
67 65
119 18
53 70
86 79
6 23
113 94
122 50
101 97
26 37
66 5
77 76
8 100
26 90
109 78
67 117
66 77
42 35
42 112
109 127
103 94
7 40
82 59
22 2
112 125
16 7
96 94
49 24
122 94
39 46
58 74
49 120
111 90
85 27
63 113
10 108
79 65
12 81
52 122
116 113
67 49
33 40
109 116
56 12
65 63
6 21
118 84
88 102
74 96
87 68
94 47
76 6
14 39
77 85
29 92
42 125
99 105
63 96
43 13
21 94
125 117
103 94
88 66
82 126
92 49
43 117
63 97
87 2
81 35
41 13
11 9
28 82
106 2
37 92
116 83
32 52
77 56
2 81
29 127
14 85