1000 1000
186 323
323 961
961 112
112 979
979 62
62 452
452 294
294 388
388 825
825 717
717 718
718 330
330 732
732 866
866 241
241 39
39 279
279 228
228 439
439 256
256 637
637 341
341 8
8 920
920 474
474 885
885 515
515 729
729 454
454 54
54 451
451 627
627 251
251 226
226 296
296 271
271 934
934 117
117 365
365 443
443 603
603 849
849 509
509 182
182 357
357 746
746 406
406 798
798 108
108 719
719 335
335 230
230 840
840 768
768 511
511 744
744 372
372 998
998 17
17 233
233 796
796 960
960 552
552 480
480 265
265 854
854 142
142 134
134 467
467 427
427 585
585 773
773 254
254 18
18 123
123 715
715 435
435 528
528 815
815 424
424 367
367 564
564 655
655 653
653 738
738 761
761 375
375 434
434 827
827 188
188 148
148 848
848 676
676 106
106 9
9 789
789 118
118 895
895 628
628 826
826 492
492 658
658 617
617 172
172 369
369 651
651 56
56 972
972 788
788 278
278 809
809 804
804 396
396 51
51 303
303 503
503 305
305 926
926 714
714 709
709 811
811 514
514 687
687 781
781 771
771 63
63 107
107 928
928 329
329 851
851 482
482 668
668 995
995 153
153 539
539 105
105 319
319 1000
1000 37
37 124
124 450
450 799
799 248
248 806
806 831
831 34
34 461
461 828
828 85
85 547
547 184
184 478
478 741
741 155
155 240
240 683
683 584
584 912
912 526
526 859
859 529
529 76
76 387
387 944
944 703
703 629
629 431
431 634
634 913
913 295
295 857
857 15
15 31
31 274
274 775
775 649
649 425
425 874
874 555
555 631
631 192
192 616
616 420
420 733
733 905
905 607
607 901
901 531
531 359
359 787
787 48
48 275
275 28
28 141
141 193
193 484
484 272
272 622
622 417
417 861
861 756
756 663
663 361
361 572
572 909
909 889
889 772
772 345
345 252
252 897
897 545
545 824
824 999
999 214
214 869
869 149
149 976
976 581
581 114
114 314
314 900
900 954
954 726
726 178
178 125
125 30
30 93
93 317
317 805
805 619
619 262
262 579
579 472
472 541
541 154
154 686
686 910
910 925
925 75
75 161
161 84
84 605
605 68
68 374
374 968
968 871
871 32
32 488
488 473
473 236
236 307
307 466
466 438
438 247
247 502
502 83
83 933
933 902
902 238
238 791
791 575
575 400
400 419
419 618
618 237
237 231
231 640
640 120
120 559
559 500
500 258
258 499
499 801
801 129
129 743
743 542
542 422
422 971
971 904
904 842
842 199
199 994
994 128
128 749
749 943
943 78
78 560
560 561
561 177
177 931
931 163
163 939
939 477
477 711
711 88
88 130
130 151
151 428
428 734
734 682
682 498
498 82
82 433
433 6
6 29
29 935
935 413
413 563
563 782
782 795
795 334
334 217
217 143
143 536
536 116
116 196
196 506
506 59
59 986
986 229
229 26
26 681
681 903
903 942
942 632
632 721
721 67
67 127
127 557
557 497
497 202
202 119
119 512
512 829
829 980
980 601
601 70
70 690
690 591
591 754
754 389
389 862
862 835
835 5
5 179
179 209
209 883
883 608
608 521
521 661
661 408
408 201
201 221
221 751
751 722
722 858
858 156
156 996
996 220
220 878
878 110
110 194
194 576
576 927
927 58
58 333
333 922
922 991
991 914
914 81
81 659
659 814
814 210
210 42
42 222
222 613
613 870
870 856
856 242
242 158
158 267
267 465
465 483
483 445
445 249
249 340
340 266
266 159
159 833
833 342
342 872
872 61
61 793
793 956
956 695
695 145
145 610
610 812
812 77
77 302
302 384
384 322
322 239
239 360
360 327
327 442
442 803
803 304
304 882
882 136
136 779
779 918
918 469
469 949
949 724
724 760
760 289
289 64
64 157
157 770
770 490
490 80
80 371
371 587
587 891
891 702
702 21
21 173
173 391
391 115
115 550
550 823
823 592
592 936
936 381
381 648
648 802
802 353
353 122
122 187
187 49
49 983
983 103
103 850
850 766
766 298
298 456
456 263
263 710
710 792
792 12
12 351
351 377
377 213
213 680
680 671
671 807
807 181
181 301
301 794
794 609
609 203
203 974
974 747
747 38
38 166
166 704
704 414
414 582
582 879
879 373
373 95
95 750
750 847
847 347
347 834
834 597
597 993
993 727
727 368
368 402
402 111
111 984
984 22
22 276
276 287
287 790
790 951
951 269
269 382
382 602
602 982
982 358
358 41
41 562
562 493
493 198
198 667
667 299
299 571
571 91
91 113
113 401
401 767
767 646
646 285
285 376
376 24
24 890
890 139
139 708
708 643
643 308
308 566
566 716
716 455
455 969
969 393
393 888
888 679
679 645
645 626
626 843
843 185
185 886
886 855
855 421
421 471
471 331
331 468
468 211
211 728
728 899
899 639
639 860
860 508
508 16
16 583
583 135
135 403
403 311
311 556
556 953
953 426
426 723
723 665
665 219
219 777
777 987
987 534
534 225
225 416
416 957
957 328
328 958
958 227
227 440
440 460
460 698
698 268
268 919
919 343
343 662
662 755
755 673
673 14
14 397
397 896
896 349
349 449
449 853
853 253
253 880
880 338
338 532
532 678
678 362
362 259
259 321
321 569
569 906
906 692
692 705
705 785
785 535
535 446
446 409
409 101
101 819
819 69
69 212
212 876
876 666
666 470
470 938
938 224
224 604
604 55
55 444
444 2
2 713
713 540
540 621
621 96
96 255
255 399
399 292
292 121
121 87
87 693
693 485
485 570
570 630
630 981
981 283
283 650
650 945
945 720
720 554
554 657
657 370
370 475
475 921
921 234
234 873
873 313
313 977
977 383
383 45
45 533
533 635
635 908
908 813
813 207
207 820
820 379
379 293
293 71
71 235
235 133
133 7
7 208
208 164
164 553
553 966
966 476
476 206
206 463
463 660
660 4
4 392
392 200
200 527
527 390
390 688
688 670
670 652
652 865
865 44
44 150
150 280
280 739
739 395
395 748
748 245
245 763
763 915
915 595
595 10
10 174
174 364
364 642
642 35
35 441
441 190
190 786
786 356
356 841
841 520
520 624
624 244
244 72
72 36
36 699
699 810
810 519
519 169
169 525
525 892
892 99
99 407
407 517
517 462
462 309
309 437
437 288
288 325
325 758
758 598
598 131
131 992
992 881
881 277
277 818
818 586
586 410
410 40
40 923
923 273
273 837
837 549
549 907
907 911
911 543
543 952
952 464
464 197
197 386
386 19
19 510
510 74
74 544
544 66
66 183
183 160
160 205
205 380
380 246
246 316
316 494
494 780
780 100
100 215
215 691
691 261
261 453
453 92
92 458
458 947
947 537
537 567
567 284
284 800
800 339
339 568
568 165
165 776
776 817
817 685
685 52
52 955
955 887
887 457
457 548
548 346
346 191
191 647
647 965
965 505
505 745
745 596
596 836
836 970
970 204
204 146
146 167
167 839
839 300
300 491
491 176
176 281
281 132
132 735
735 11
11 620
620 412
412 162
162 633
633 23
23 759
759 152
152 170
170 623
623 144
144 588
588 852
852 940
940 33
33 79
79 664
664 672
672 753
753 845
845 696
696 60
60 104
104 863
863 538
538 875
875 501
501 168
168 350
350 654
654 429
429 990
990 126
126 432
432 398
398 636
636 459
459 963
963 611
611 959
959 495
495 975
975 641
641 138
138 436
436 94
94 764
764 405
405 137
137 867
867 46
46 731
731 282
282 286
286 989
989 600
600 250
250 47
47 50
50 147
147 830
830 578
578 326
326 893
893 894
894 808
808 929
929 558
558 195
195 877
877 354
354 53
53 98
98 684
684 430
430 967
967 522
522 950
950 838
838 89
89 264
264 394
394 504
504 1
1 332
332 997
997 677
677 320
320 513
513 415
415 917
917 348
348 518
518 964
964 97
97 310
310 924
924 487
487 697
697 752
752 297
297 366
366 423
423 336
336 363
363 884
884 930
930 948
948 102
102 700
700 324
324 530
530 260
260 232
232 988
988 546
546 712
712 757
757 740
740 762
762 109
109 27
27 411
411 606
606 669
669 378
378 524
524 742
742 783
783 496
496 615
615 822
822 486
486 769
769 898
898 932
932 590
590 218
218 404
404 180
180 86
86 797
797 593
593 844
844 448
448 973
973 385
385 821
821 675
675 507
507 574
574 223
223 315
315 916
916 689
689 730
730 573
573 551
551 638
638 355
355 189
189 523
523 73
73 565
565 43
43 864
864 57
57 674
674 765
765 707
707 418
418 816
816 257
257 65
65 337
337 985
985 344
344 481
481 701
701 291
291 962
962 868
868 90
90 594
594 479
479 175
175 243
243 489
489 580
580 832
832 516
516 784
784 25
25 306
306 937
937 140
140 270
270 736
736 577
577 737
737 352
352 656
656 725
725 946
946 644
644 20
20 612
612 941
941 290
290 312
312 846
846 694
694 13
13 978
978 625
625 216
216 614
614 318
318 589
589 171
171 447
447 3
3 599
599 706
706 778
778 774
774 186
5
2 5
2 4
1 3
4 2
2 3
4 1
2 3
4 2
5 1
4 1
2 3
2 1
1 4
2 3
4 1
3 2
4 2
1 3
4 5
3 4
3 5
1 2
1 4
1 4
5 4
1 3
4 1
4 1
2 5
1 3
3 2
5 1
2 4
1 5
4 5
3 4
5 3
4 3
3 2
5 2
4 5
2 5
5 2
5 2
2 3
1 4
2 3
5 4
4 2
5 4
4 1
2 4
4 3
1 4
3 4
3 2
5 3
2 5
3 1
2 1
3 4
4 5
4 2
4 2
4 2
5 1
3 5
2 4
2 1
1 2
1 2
2 1
2 4
1 3
5 1
5 4
3 2
4 5
2 5
4 2
5 1
4 1
1 2
4 2
4 2
5 2
1 3
1 5
3 2
3 2
3 5
3 2
4 2
4 3
2 1
3 5
2 4
3 2
5 1
4 1
4 5
3 1
1 4
3 4
1 2
2 4
3 5
1 5
2 3
3 5
2 1
2 5
3 4
5 3
4 5
2 5
2 4
4 2
4 1
1 2
4 3
4 3
3 4
3 2
4 1
3 4
5 2
5 1
4 1
2 4
5 2
1 2
5 3
2 3
1 5
3 2
3 4
3 2
3 2
2 4
5 3
1 2
5 2
4 5
1 4
2 5
5 1
3 2
1 5
2 3
1 3
1 5
5 1
2 1
4 2
3 5
3 1
3 1
4 1
1 5
1 2
1 2
2 1
1 3
5 2
1 2
2 5
3 4
3 2
3 2
5 3
5 1
2 4
1 4
2 4
3 5
3 2
4 3
3 4
3 4
4 1
1 4
4 3
1 4
5 1
5 1
2 1
4 5
2 4
1 3
4 1
4 3
2 1
4 5
2 3
4 3
1 4
1 5
3 1
4 2
5 1
5 1
5 4
2 5
2 5
3 1
2 5
2 4
4 2
1 4
5 1
2 1
1 3
4 5
5 3
3 4
3 1
1 2
3 5
4 3
4 3
4 5
4 5
5 3
5 1
2 1
1 4
1 2
2 1
4 1
5 4
5 2
1 2
3 1
2 3
1 5
5 4
1 3
2 1
4 1
3 2
4 2
2 1
4 5
3 1
3 5
4 1
1 3
3 2
5 3
2 1
5 1
3 4
3 5
5 4
5 2
4 5
5 3
3 1
4 5
4 1
2 3
3 4
3 1
5 2
1 3
5 2
5 1
1 2
3 2
5 2
3 5
3 5
2 1
5 1
3 5
3 5
3 5
4 5
5 2
3 5
4 2
3 1
5 3
2 4
4 5
5 2
4 3
5 4
1 3
5 2
4 5
1 4
4 5
5 1
5 3
4 5
2 1
4 5
5 3
3 1
5 4
1 4
2 4
2 3
2 5
4 3
2 3
5 2
2 3
4 1
1 4
5 1
4 5
3 4
4 2
3 4
5 1
2 3
2 5
1 5
3 5
5 3
1 2
2 4
3 5
4 5
5 2
5 2
1 4
4 5
3 5
1 5
2 5
2 1
1 5
1 4
1 5
1 5
5 1
3 1
3 1
3 1
5 4
2 4
1 3
2 3
2 5
2 4
4 3
5 3
2 1
3 1
3 4
5 4
4 2
2 1
5 2
2 5
2 3
4 3
4 3
3 5
2 1
5 3
3 5
5 1
5 3
5 4
2 1
2 3
3 4
4 3
2 3
4 1
2 4
2 4
2 1
2 5
3 4
1 4
2 1
2 3
1 3
3 5
3 4
3 2
5 3
3 1
1 4
5 2
2 3
3 1
1 3
3 4
1 5
1 3
4 5
1 2
3 4
5 3
3 2
3 2
1 2
5 2
3 2
4 5
4 3
4 1
1 3
3 2
2 3
4 5
3 2
4 1
3 1
1 2
1 2
5 4
5 4
3 1
2 4
2 4
3 4
4 1
5 1
3 1
2 3
3 2
3 5
4 1
2 1
5 2
4 5
4 1
1 2
3 4
5 4
4 5
1 5
3 1
2 1
2 5
2 4
2 5
2 4
2 5
2 5
3 4
2 3
2 3
1 5
3 1
4 2
1 4
3 1
1 5
5 2
1 2
3 1
2 1
5 2
5 3
2 5
4 5
3 2
4 2
3 4
1 4
2 4
5 2
2 3
5 3
4 1
1 2
1 5
5 3
2 3
3 2
1 5
3 1
3 1
5 4
5 2
3 2
3 5
2 1
5 2
2 5
4 5
1 3
2 1
2 5
1 5
2 5
5 1
4 2
1 2
1 2
4 3
2 1
5 3
5 4
2 5
3 2
5 4
1 3
4 2
1 4
5 2
1 4
4 3
5 1
5 3
1 4
4 5
3 4
5 1
1 4
5 3
2 1
4 3
5 1
5 2
1 4
3 4
2 3
3 1
5 4
3 2
2 5
1 5
5 2
5 3
2 3
4 1
5 3
3 1
5 3
2 4
1 5
5 2
2 1
1 3
5 3
3 2
2 5
3 5
4 1
2 5
3 4
2 4
1 3
4 3
3 1
5 2
3 2
3 4
5 2
5 1
1 2
4 3
5 1
2 1
2 5
2 4
5 2
4 3
1 3
4 3
1 5
2 1
2 3
2 5
1 5
2 1
4 1
5 2
5 3
2 3
1 2
5 1
2 5
2 3
3 2
3 1
3 2
5 2
1 3
5 2
4 3
5 3
1 3
4 3
4 2
1 5
1 5
3 1
4 3
1 2
2 4
1 3
2 5
4 1
1 5
2 3
4 5
3 4
1 5
1 5
1 2
4 3
3 1
3 4
5 4
4 5
4 2
3 5
1 5
1 3
5 2
2 5
1 2
1 3
2 1
4 2
2 4
1 5
4 3
4 5
2 4
4 1
5 2
3 5
1 3
1 2
3 4
1 4
5 2
3 2
5 1
3 4
3 2
3 2
1 2
5 3
3 5
1 2
1 3
3 4
1 4
4 3
4 2
5 3
2 5
1 4
4 3
3 5
5 3
3 4
5 4
1 2
4 3
3 2
5 3
3 2
3 2
5 4
4 5
5 2
5 4
4 5
2 1
3 4
5 4
2 5
5 2
3 4
4 1
1 2
3 5
4 3
3 1
2 5
1 3
4 2
4 1
4 3
1 5
3 2
4 3
2 4
5 2
4 5
4 2
2 5
5 4
5 1
4 3
5 2
3 1
2 3
5 3
4 1
1 4
3 1
4 2
3 4
3 2
4 2
3 2
1 3
1 5
2 3
3 1
3 4
4 1
5 3
2 1
1 2
2 4
4 3
2 4
3 4
5 2
4 5
1 2
1 5
1 2
4 2
3 1
3 5
3 1
5 3
3 5
2 3
4 3
3 1
5 3
1 3
3 1
5 4
5 2
3 2
5 3
3 5
4 1
5 1
3 4
2 1
3 4
5 1
1 4
3 4
4 2
2 5
3 4
4 2
1 2
4 1
5 1
5 1
2 1
4 1
5 1
1 3
4 1
1 4
3 2
3 5
1 3
4 5
1 4
3 2
2 1
4 5
1 2
3 5
3 5
2 4
5 1
3 4
3 1
2 5
3 2
2 3
1 3
1 3
3 1
1 5
5 4
3 4
1 4
2 1
3 1
3 2
3 5
5 3
2 3
5 4
3 4
1 2
1 2
4 3
3 5
5 4
2 1
3 5
1 3
2 4
5 1
3 2
1 5
5 2
1 2
5 1
4 2
1 5
3 1
5 4
4 5
4 1
4 1
5 1
2 4
5 3
4 5
5 1
1 4
3 5
5 2
1 5
4 2
5 2
4 5
4 2
2 1
1 5
2 3
2 1
1 2
3 2
5 3
1 4
2 4
4 3
1 3
3 1
4 1
3 4
1 3
5 2
3 5
2 3
1 4
4 2
4 2
4 3
3 4
5 4
2 3
5 4
1 4
3 2
5 4
2 1
3 4
3 4
2 1
2 3
3 1
2 1
1 4
3 1
4 5
3 1
4 2
5 4
5 4
2 5
5 4
3 4
5 4
4 3
3 1
2 3
2 3
5 4
5 2
3 4
2 4
2 1
1 3
3 2
2 1
4 5
5 3
2 4
4 3
4 5
3 2
1 4
4 1
1 2
2 4
5 4
4 2
4 3
3 4
4 2
5 4
3 5
4 2
3 1
2 1
4 1
1 4
5 2
5 2
5 1
1 2
1 5
5 1
3 2
4 2
3 4
2 1
4 3
2 5
5 3
2 3
4 5
1 4
2 3
4 2
3 4
3 2
2 5
1 3
3 4
1 3
1 5
5 4
1 2
1 3
5 4
3 1
2 1
1 5
5 2
5 1
5 1
3 4
2 4
3 4
1 5
4 5
2 4
1 4
2 1
5 4
2 1
5 3
5 1
2 1
1 2
2 4
5 4
4 5
2 4
4 3
4 1
2 1
2 4
2 4
4 3
3 2
3 1
5 1
1 4
4 2
2 1
4 1
3 2
4 5
3 2
5 1
3 5
5 1
2 5
1 3
3 4
5 4
4 5
5 1
3 1
3 1
4 5
3 4
5 2