560 560
353 252
252 70
70 516
516 538
538 35
35 536
536 220
220 399
399 534
534 143
143 94
94 488
488 481
481 346
346 368
368 265
265 343
343 383
383 50
50 367
367 321
321 438
438 549
549 307
307 484
484 339
339 144
144 262
262 22
22 375
375 503
503 47
47 130
130 393
393 550
550 2
2 250
250 117
117 371
371 487
487 269
269 40
40 211
211 248
248 139
139 218
218 251
251 34
34 36
36 260
260 270
270 78
78 72
72 132
132 444
444 37
37 61
61 533
533 192
192 540
540 121
121 212
212 100
100 133
133 206
206 324
324 280
280 392
392 216
216 373
373 542
542 554
554 552
552 387
387 364
364 44
44 557
557 318
318 154
154 475
475 208
208 165
165 99
99 227
227 13
13 527
527 153
153 88
88 175
175 473
473 398
398 234
234 525
525 161
161 102
102 530
530 126
126 104
104 518
518 10
10 363
363 233
233 345
345 378
378 98
98 181
181 177
177 93
93 450
450 460
460 80
80 150
150 138
138 395
395 236
236 317
317 45
45 180
180 531
531 258
258 53
53 499
499 288
288 231
231 442
442 120
120 494
494 148
148 509
509 471
471 504
504 3
3 537
537 71
71 500
500 169
169 501
501 221
221 362
362 163
163 302
302 517
517 505
505 543
543 382
382 295
295 435
435 483
483 12
12 510
510 384
384 413
413 103
103 462
462 555
555 107
107 105
105 489
489 282
282 184
184 239
239 355
355 125
125 158
158 327
327 42
42 275
275 112
112 507
507 172
172 156
156 515
515 203
203 140
140 115
115 123
123 235
235 187
187 469
469 528
528 24
24 162
162 173
173 532
532 365
365 67
67 198
198 266
266 430
430 97
97 325
325 195
195 41
41 347
347 17
17 48
48 400
400 215
215 497
497 524
524 336
336 385
385 315
315 341
341 458
458 354
354 119
119 322
322 213
213 91
91 60
60 196
196 377
377 272
272 465
465 89
89 427
427 553
553 300
300 485
485 386
386 51
51 38
38 82
82 491
491 129
129 436
436 482
482 424
424 498
498 166
166 390
390 225
225 15
15 66
66 380
380 56
56 311
311 479
479 401
401 101
101 1
1 558
558 194
194 370
370 456
456 379
379 352
352 410
410 284
284 207
207 429
429 361
361 135
135 142
142 421
421 467
467 433
433 261
261 152
152 349
349 65
65 404
404 490
490 96
96 439
439 92
92 416
416 114
114 301
301 357
357 182
182 83
83 33
33 4
4 110
110 396
396 559
559 224
224 437
437 228
228 43
43 268
268 186
186 466
466 155
155 20
20 513
513 137
137 179
179 188
188 210
210 425
425 342
342 257
257 539
539 25
25 171
171 183
183 146
146 511
511 314
314 204
204 86
86 111
111 453
453 526
526 254
254 189
189 551
551 431
431 28
28 73
73 452
452 506
506 443
443 52
52 303
303 141
141 84
84 247
247 441
441 63
63 446
446 289
289 409
409 323
323 366
366 193
193 200
200 420
420 222
222 81
81 159
159 329
329 147
147 31
31 412
412 276
276 95
95 546
546 202
202 394
394 495
495 470
470 440
440 58
58 30
30 455
455 167
167 292
292 414
414 274
274 338
338 476
476 245
245 160
160 145
145 253
253 108
108 459
459 7
7 205
205 170
170 286
286 174
174 298
298 229
229 14
14 331
331 340
340 278
278 451
451 237
237 21
21 164
164 11
11 306
306 277
277 151
151 415
415 492
492 434
434 480
480 445
445 74
74 62
62 326
326 374
374 46
46 468
468 263
263 27
27 127
127 454
454 238
238 337
337 407
407 214
214 391
391 241
241 312
312 49
49 201
201 178
178 246
246 190
190 304
304 419
419 59
59 273
273 136
136 242
242 474
474 267
267 406
406 351
351 199
199 283
283 313
313 219
219 85
85 477
477 512
512 209
209 463
463 291
291 408
408 319
319 8
8 279
279 32
32 464
464 519
519 449
449 124
124 244
244 54
54 255
255 217
217 520
520 447
447 535
535 320
320 372
372 376
376 287
287 249
249 381
381 131
131 428
428 223
223 5
5 185
185 309
309 240
240 76
76 316
316 290
290 461
461 478
478 226
226 299
299 296
296 128
128 118
118 547
547 417
417 423
423 388
388 402
402 294
294 544
544 23
23 79
79 55
55 389
389 403
403 18
18 448
448 310
310 369
369 308
308 397
397 264
264 293
293 197
197 335
335 360
360 560
560 116
116 356
356 508
508 432
432 521
521 106
106 113
113 348
348 68
68 305
305 168
168 87
87 259
259 332
332 256
256 29
29 271
271 529
529 522
522 243
243 90
90 523
523 122
122 9
9 426
426 330
330 157
157 232
232 77
77 514
514 134
134 496
496 418
418 26
26 548
548 333
333 493
493 359
359 297
297 358
358 328
328 230
230 405
405 109
109 57
57 556
556 350
350 149
149 64
64 191
191 281
281 176
176 334
334 541
541 411
411 16
16 75
75 472
472 6
6 502
502 19
19 39
39 422
422 69
69 457
457 285
285 486
486 344
344 545
545 353
250
78 207
81 110
161 135
165 137
106 12
71 144
228 115
33 83
182 156
29 40
225 17
172 160
164 186
147 249
100 239
40 226
201 90
222 226
92 64
229 35
214 2
157 163
28 242
174 70
223 152
151 47
13 90
112 237
8 126
60 37
178 194
60 37
51 79
44 191
107 98
223 58
210 173
31 110
136 94
200 119
202 95
167 176
153 182
24 105
154 132
75 210
162 168
219 52
195 136
76 99
186 246
95 170
97 78
166 204
246 165
30 229
139 41
30 226
50 236
65 225
137 245
35 107
136 14
116 180
8 210
177 169
218 122
188 199
181 243
135 205
31 8
163 103
230 35
127 217
11 108
136 74
212 30
216 32
154 93
68 178
162 10
96 45
230 136
22 65
43 21
231 203
229 30
166 89
68 230
55 154
98 45
220 41
114 50
39 137
171 161
160 173
143 6
102 138
118 104
191 160
120 242
80 112
7 237
70 29
141 77
53 79
212 179
47 169
102 113
38 247
57 146
20 240
1 168
160 86
110 134
233 106
226 236
139 41
104 242
31 105
207 170
176 90
41 218
156 154
3 107
232 105
95 146
147 17
101 139
84 213
161 83
109 94
167 76
231 235
92 104
24 100
164 3
178 152
66 197
236 7
223 190
98 50
151 138
55 9
233 61
72 186
241 148
146 95
215 186
53 142
233 177
49 169
72 177
185 94
158 14
95 200
191 5
247 233
198 170
59 179
198 193
177 9
239 210
100 212
235 46
125 53
159 180
39 101
59 89
59 3
201 78
40 65
119 124
96 234
73 5
25 96
45 75
1 216
8 183
178 244
203 44
50 237
188 204
183 149
169 149
178 55
223 55
162 195
72 220
70 225
137 238
247 114
119 100
185 68
112 149
175 169
192 228
21 8
55 168
245 18
91 77
34 172
183 91
161 183
111 96
218 141
17 116
88 65
31 105
160 216
51 130
194 233
127 166
56 72
78 153
24 205
86 168
180 21
25 4
237 194
91 194
86 145
231 171
241 7
143 15
86 62
168 158
85 99
56 125
10 241
16 58
181 21
158 174
159 36
15 1
136 56
24 1
85 21
24 75
247 250
90 132
46 20
120 7
135 6
128 52
8 179
147 98
203 198
175 15
48 63
97 12
6 107
214 87
68 173
186 143
240 53
134 112
226 16
166 24
98 43
170 201
227 178
66 227
72 248
93 59
144 166
178 66
143 59
62 44
36 147
145 176
10 250
34 178
24 13
134 129
146 220
220 229
237 204
208 34
119 112
34 231
184 211
176 182
62 80
55 133
56 13
18 148
96 53
220 187
199 209
121 112
5 198
42 34
211 151
136 39
142 134
160 165
59 9
162 168
100 177
212 50
6 44
84 139
31 79
241 149
71 249
3 26
49 120
238 32
57 132
14 219
98 19
192 98
75 211
140 224
103 115
243 229
152 14
137 156
102 93
192 196
249 191
154 142
236 212
215 201
169 186
187 56
115 159
228 75
227 188
162 81
63 57
35 90
60 159
172 207
42 239
208 205
96 28
200 140
198 16
175 154
154 93
70 126
192 70
111 180
215 141
6 216
210 248
192 233
238 173
89 8
56 158
47 45
207 105
49 62
66 179
185 53
93 221
12 14
202 153
83 30
94 57
129 238
24 182
10 2
10 27
242 173
244 82
88 21
99 137
98 64
4 211
245 74
69 243
138 240
21 26
124 239
85 125
194 213
22 180
218 93
23 110
104 132
232 160
163 14
224 229
229 80
10 178
164 29
66 78
36 88
143 77
194 53
62 145
33 79
67 242
193 14
67 113
79 154
150 199
42 15
117 167
248 167
69 162
100 196
2 145
115 97
69 234
162 165
173 20
205 52
247 17
75 59
123 82
75 10
69 168
198 63
109 166
123 8
210 80
144 46
173 214
219 79
199 103
243 206
123 134
88 224
106 204
94 93
221 190
190 66
148 120
63 73
118 101
245 165
131 184
103 8
206 40
17 80
51 220
218 241
78 153
115 154
11 56
150 44
238 4
17 27
142 231
124 31
48 121
59 62
177 82
13 112
130 157
105 230
49 149
188 234
78 7
57 80
127 167
190 213
244 66
79 72
35 43
18 236
226 63
155 136
151 48
96 231
122 82
206 4
211 31
162 71
199 76
136 12
41 189
51 212
83 51
95 149
27 111
166 212
6 156
30 141
197 101
42 83
70 244
66 88
91 141
247 108
179 125
164 4
249 119
10 211
227 231
46 139
180 155
5 90
229 165
177 3
230 105
164 175
75 30
157 171
64 101
8 92
65 76
101 30
91 52
158 188
127 65
9 45
133 248
111 80
16 76
138 153
230 132
200 87
7 134
11 123
46 168
95 170
73 19
205 175
206 63
139 34
105 61
214 47
237 134
56 54
160 107
177 157
31 132
236 75
192 124
75 129
88 156
10 19
218 81
81 175
213 221
159 36
14 220
230 236
232 148
84 199
65 127
140 210
99 112
233 56
48 235
145 17
240 200
235 42
89 91
156 164
239 183
132 113
195 227
39 160
135 79